0.000000000000000000e+00
1.050776616509963235e+00
1.048978405655594415e+00
1.047236011878520889e+00
0.000000000000000000e+00
0.000000000000000000e+00
0.000000000000000000e+00
0.000000000000000000e+00
8.210710095642716055e+01
1.203969446829565015e+02
2.985203427192853951e+02
4.026937580334503082e+02
3.556700126092408141e+02
3.676391492439589683e+02
4.177620071722224679e+02
4.131801565906411042e+02
4.621483224505280418e+02
4.565375996064852870e+02
4.756105660073000081e+02
4.854301513058097726e+02
4.685920296289611997e+02
4.743408985270940548e+02
4.698624671867676739e+02
4.531350987843563303e+02
5.039112336939579677e+02
5.801705214479464985e+02
5.951041253891243059e+02
5.937193218285076455e+02
6.881962491493172820e+02
7.194157328767015542e+02
8.005356642826991447e+02
9.213097597375632404e+02
1.057273825031595379e+03
1.122978849740736678e+03
1.218163179821506901e+03
1.333656719781100037e+03
1.309905569122163797e+03
1.322787353980692160e+03
1.348913466282080208e+03
1.202429236317452023e+03
1.135235969864379285e+03
1.171658995446324298e+03
1.092378664234961207e+03
1.130904530502327589e+03
1.019221203500616980e+03
1.048680235142860511e+03
9.969564469460792679e+02
1.061003249171445304e+03
1.037769037625136207e+03
1.042997315072836045e+03
1.050290998027212936e+03
1.072859093432863574e+03
1.095469734886259857e+03
1.104910491241073260e+03
1.146926392847286934e+03
1.229686752492098094e+03
1.225036898302824511e+03
1.308973264555848800e+03
1.194448621115106107e+03
1.254063685431892736e+03
1.331095190877419554e+03
1.250181375818768402e+03
1.363068709675393166e+03
1.365866200943154809e+03
1.288011698415147293e+03
1.305149072939225562e+03
1.290639069353321020e+03
1.279214378813371695e+03
1.269855821945287516e+03
1.343526641388841426e+03
1.348626121111163684e+03
1.303475975812963270e+03
1.429826118580396269e+03
1.391933328115817631e+03
1.370473949892517567e+03
1.409768253836243275e+03
1.352280159443163029e+03
1.404074948376254270e+03
1.442575580516454693e+03
1.535965936013627925e+03
1.521971684001347967e+03
1.504877264979249958e+03
1.583165930419907681e+03
1.668920548723163620e+03
1.755936286550782370e+03
1.851503853201895481e+03
1.799454991294640422e+03
1.922475393086884196e+03
2.056262901422148389e+03
2.152791758848141853e+03
2.265295523221231633e+03
2.341457957968917981e+03
2.425203435623341647e+03
2.472452069726877653e+03
2.495684837977680218e+03
2.581162390184823835e+03
2.486595835771920520e+03
2.420330661473197779e+03
2.327491262748470035e+03
2.299031613791895325e+03
2.101914205419162954e+03
2.005157958197676408e+03
1.828381128209984809e+03
1.664956959301044435e+03
1.592817015661954883e+03
1.404016771860855215e+03
1.223214890653589237e+03
1.135117384772841433e+03
9.716062726048759259e+02
9.344735100317133174e+02
7.927550823914746161e+02
7.627866701289494813e+02
7.121967026746410738e+02
6.430432718352956272e+02
6.398133042041753242e+02
5.670580191270748855e+02
5.462917381686851286e+02
5.625260886277162626e+02
5.515240738134176581e+02
5.120437882947118169e+02
4.757152828686376438e+02
4.436523492424702795e+02
4.059753849829764931e+02
4.210720684057541234e+02
4.196663721447336570e+02
4.437109725871046635e+02
3.902485972999401724e+02
3.865702629789341245e+02
3.940129936068015581e+02
3.903380902691359324e+02
3.821836263197805579e+02
3.594442275161678708e+02
3.904753440072362878e+02
3.541768339764507232e+02
3.256191614686755997e+02
3.500125040335202584e+02
3.394376964418022453e+02
3.276881686087559160e+02
3.011202759053905993e+02
3.439056706284831648e+02
3.035703248275514738e+02
3.396928339063061912e+02
3.094944644970349827e+02
3.182254883363908675e+02
3.246962057570268030e+02
2.908093448512231589e+02
2.937839069259007942e+02
3.327126890603461788e+02
3.195361628152163007e+02
3.191129059502057999e+02
3.128539716877369870e+02
3.053985747372067294e+02
3.155040253614169501e+02
2.809849873532684796e+02
3.087631927243836003e+02
2.693422470094967025e+02
2.723636918363677637e+02
2.718409675247056612e+02
2.891678537815203640e+02
3.041966707592425223e+02
3.228901258955776257e+02
2.973209772603971146e+02
2.956636651693702333e+02
3.060494570141079862e+02
2.585072621988920787e+02
2.628002530393657139e+02
2.622604613740882087e+02
2.836311536915519014e+02
2.550757167672311709e+02
2.826607255393677178e+02
2.784939787868866006e+02
2.312544141278180518e+02
2.466664796303810476e+02
2.337198474677985018e+02
2.752618786010048098e+02
2.635687272198803726e+02
2.468275962589038954e+02
2.549968065049650363e+02
2.356372702076816950e+02
2.400526658900191421e+02
2.659182173689613364e+02
2.464325761544155000e+02
2.192364919809538719e+02
2.452633269304639043e+02
2.357549896963749347e+02
2.095811070774003610e+02
2.332405250306830453e+02
2.274759130344711195e+02
2.113687014617733269e+02
2.391158463789670634e+02
2.242475019419687214e+02
2.131941519250484873e+02
2.085961861662805177e+02
2.144322729888619108e+02
2.347276201746338984e+02
2.367300786181669423e+02
2.176404065974293474e+02
2.328347185327466491e+02
2.083142681021411704e+02
2.209105807719554377e+02
2.202349172450613821e+02
2.262494025146094145e+02
2.376715381626837882e+02
2.343478469861744884e+02
2.188462676665106130e+02
2.100258761650296151e+02
2.337712312558250005e+02
2.194898810099035416e+02
2.256332227053800068e+02
2.674783407811080451e+02
2.641767194479253362e+02
2.511934850234262342e+02
2.450519989709938216e+02
2.235955500519939676e+02
2.633029012253072096e+02
2.515516297646377097e+02
2.565492245469203567e+02
2.601719631066139868e+02
2.454772740275612080e+02
2.420112349267861021e+02
2.555602818432370498e+02
2.691957023013205230e+02
2.686294525666465347e+02
3.153638291683053581e+02
3.149420602056165421e+02
2.899905538631628019e+02
2.938251307541068513e+02
2.889714323945673300e+02
3.496437782772864580e+02
3.274002984000314882e+02
3.226071218872871782e+02
3.604468758118183018e+02
3.763942096670802471e+02
3.613464387762381307e+02
4.383194692064827223e+02
4.531903798723743648e+02
4.352531946909240332e+02
4.276999617413355850e+02
4.351520428218540246e+02
4.441634039973581025e+02
4.608129516573258115e+02
5.262428422520154072e+02
5.203874530145621975e+02
5.711456795627315159e+02
5.408160995833065954e+02
5.488188940279283088e+02
5.661551212344759278e+02
5.944722460716874366e+02
6.728188249298510755e+02
6.423043684407774663e+02
6.303950995405818958e+02
6.939307095305056237e+02
6.505316989466779205e+02
6.923877368536976746e+02
6.900129820308882245e+02
7.657927605995010936e+02
7.204234994598260755e+02
8.128942062151728578e+02
7.689760742468058652e+02
7.506303400613250005e+02
7.370218887059284043e+02
8.080259134626978721e+02
7.847052788678114439e+02
8.416025395587357707e+02
8.560909926218955661e+02
8.624154748662767815e+02
8.074338642664915824e+02
8.186109232329012002e+02
8.716051898803557378e+02
8.093487690844023064e+02
7.752310321955253585e+02
7.509901005526423887e+02
8.112523935563488067e+02
8.532430026782038794e+02
8.187683098154376466e+02
7.583618500015587642e+02
6.717452912297179637e+02
7.948515854541915360e+02
7.509900509083228144e+02
7.484850184803690354e+02
7.337554559336796274e+02
6.471967983826078807e+02
6.372481697773642964e+02
6.448404977837843717e+02
6.701647069179333585e+02
6.371031546898771012e+02
5.557054680431417637e+02
5.720270852962863728e+02
6.207560850686267031e+02
5.870058867318724651e+02
5.674611530936228974e+02
5.151196130216036408e+02
4.587490038289556651e+02
4.293671924172099921e+02
4.217710341949262443e+02
4.546061106758345431e+02
4.414962952804765450e+02
3.726640301789201999e+02
4.503295173176021535e+02
3.511299409573687740e+02
3.617958571562469388e+02
3.687736502373988401e+02
3.380302754720693770e+02
3.335916601185488162e+02
3.253117349986590057e+02
3.436990604549248474e+02
2.989742185669932155e+02
2.462200732479192880e+02
2.432704645642656942e+02
2.654885099104208166e+02
2.450772311538148642e+02
2.518432320346429378e+02
2.625756118387807305e+02
2.340487822433187830e+02
2.013586165553692524e+02
2.674947031664057704e+02
2.108139600509109357e+02
2.315603768767424810e+02
2.204003797039216863e+02
2.051321915131440221e+02
1.513942807681624458e+02
1.782977904020606275e+02
1.911642662013229312e+02
1.755469685382231262e+02
1.966901230410018684e+02
1.275028289388925202e+02
2.022885763076323542e+02
1.325997509913556769e+02
1.559702305658688601e+02
1.419408187894848936e+02
1.697076985503731237e+02
1.766501840079489511e+02
1.160956358713645642e+02
1.779717064088044083e+02
1.318505301025350036e+02
1.238045762021246219e+02
1.199817545854737659e+02
1.139781109724949459e+02
9.713514467292804966e+01
1.061642023394415730e+02
1.261327811095195131e+02
9.822685178588501742e+01
8.763854811951088664e+01
1.231516918291587075e+02
1.015376302345956958e+02
7.532941084448026459e+01
9.562471637681424852e+01
6.919568294783678652e+01
1.030600273487905270e+02
6.746340671815823953e+01
9.931474238475290406e+01
8.835661776777044452e+01
8.186339904938091649e+01
5.021368296732485703e+01
8.018236332202879169e+01
6.438422982684362239e+01
4.154357430170247056e+01
5.096395152506985937e+01
4.882788441740222396e+01
4.667517048577506245e+01
4.450572596615839416e+01
5.172379371704817430e+01
4.247609567337705272e+01
5.447575687871136552e+01
3.328171860685469596e+01
3.817674054348329804e+01
2.394853026249353789e+01
2.163317120183540254e+01
5.307597058310289384e+01
3.147856599647306908e+01
5.103709038519846075e+01
3.902835849810864488e+01
2.448232294533541165e+01
3.194382275240267788e+01
2.466226756614016935e+01
2.722787085857593325e+01
1.987455720841190043e+01
2.742742827558155128e+01
2.002007652156574125e+01
1.506984271397137043e+01
2.520795046657899618e+01
1.264986580244327108e+01
1.015669841477063429e+01
2.803239102095722046e+01
2.046117364505271752e+01
1.796841880457173346e+01
2.833830761705834078e+01
2.585524937437668669e+01
1.037944891959999616e+01
1.302110727027839943e+01
1.829521680638863401e+01
1.049201943683403648e+01
1.052971446173062020e+01
1.320936726924776039e+01
1.325669578261295278e+01
1.596495302003356187e+01
1.068132908814051518e+01
8.039577714671052533e+00
1.882584322794239284e+01
1.079589142028915383e+01
8.125677139761643630e+00
1.902715162154207817e+01
8.183367098457685174e+00
2.189945885141732163e+01
1.373547124871849157e+01
1.929742130710647530e+01
1.659883669412764107e+01
5.552377870980896191e+00
8.357768058265035549e+00
1.677404271986749507e+01
1.402720993975948893e+01
1.689136223482586985e+01
1.412514343851283805e+01
5.669693359120882903e+00
8.534042277235597496e+00
1.141812267647461887e+01
1.432198075539591287e+01
1.149710777975064602e+01
2.018920952505918365e+01
1.157633368566179932e+01
1.742405146367836366e+01
5.827895983244404832e+00
8.771704193943724803e+00
2.053707970121665127e+01
1.177539646080053082e+01
1.476921443788790000e+01
1.185539830041483533e+01
8.921606718145769221e+00
1.491950303888063445e+01
1.496972203397362478e+01
9.012000086425061340e+00
1.808440319260999019e+01
1.512072820462714162e+01
1.820541047329588835e+01
1.826601141389082628e+01
1.832667500214274270e+01
1.838739956993678604e+01
2.459757792875350901e+01
1.233934997270450751e+01
1.856992243250991592e+01
1.863087419042641102e+01
1.557656546254018082e+01
3.125488974615989513e+00
1.254269225940605459e+01
2.202105558308590361e+01
1.262425900022471126e+01
1.266508714120702450e+01
1.588242954671442142e+01
1.912024105606898416e+01
1.598467153027314680e+01
1.924300812315522791e+01
1.286963083004128983e+01
1.936591853309754185e+01
1.295161554746716170e+01
1.948895894655013095e+01
9.775261874957118735e+00
1.961211607600219864e+01
1.311582284920877051e+01
1.315691779799065486e+01
1.319802780276524423e+01
1.323915177284154687e+01
2.988064939796348085e+01
1.998215589796263814e+01
2.338454409581640547e+01
3.350941407444095521e+00
6.722471603320816946e+00
3.371532073063346235e+00
2.367280969767607957e+01
2.374490432583833766e+01
1.360971803499827892e+01
2.047638392520249084e+01
1.026909709987382868e+01
1.030000316535631200e+01
6.887272927459088478e+00
6.907876676346706546e+00
1.039271927766542447e+01
1.737270238043474180e+01
1.045452071941668137e+01
1.747569401644738107e+01
1.051630776412588553e+01
3.515731350873359862e+00
3.526024850615862682e+00
1.060894854451261615e+01
1.418642042622253108e+01
3.201202251853930392e+01
1.426869920827474658e+01
2.504218576685301301e+01
2.870185668257838785e+01
2.518603852553421518e+01
2.886620112933014326e+01
1.085562233080034922e+01
1.814401096229939725e+01
7.278118343497880893e+00
2.919449201066825594e+01
1.097867691093504483e+01
1.467920548152381777e+01
2.944030796697288466e+01
1.107081043133609732e+01
2.220297668275717839e+01
1.484286483331887396e+01
1.860465116279069875e+01
3.731137994427133009e+00
7.482678609382922730e+00
1.500613590774266193e+01
4.137894010356735919e+01
3.771902675986863684e+00
7.564152688620928267e+00
3.413018391917073302e+01
1.140720433247884635e+01
1.525021013889879207e+01
2.293617457999257070e+01
1.533132386761759669e+01
2.305774791207902297e+01
3.082461329243871262e+01
2.317912104855050615e+01
7.746576747716250821e+00
0.000000000000000000e+00
1.557385962827001613e+01
1.951769810351725454e+01
2.348163067573091922e+01
2.354196748069555767e+01
1.180112367045667376e+01
1.577497965079119524e+01
1.976886093689757473e+01
3.567410631127163612e+01
1.986898499949838381e+01
2.390276579118508593e+01
1.198134411256766718e+01
2.402254862774518074e+01
4.013724390495025496e+00
2.011840061008637548e+01
2.016812597803618701e+01
1.213067853157368248e+01
1.216044890653923005e+01
1.625358190175849060e+01
2.036648468965438141e+01
1.633274906670061100e+01
4.911679649666504588e+01
8.205868355560966165e+00
2.056395297090441687e+01
8.245271089671941667e+00
1.239740685959822208e+01
2.899603521655681959e+01
1.245630254792494540e+01
0.000000000000000000e+00
4.171685719257792968e+00
4.181460353753474024e+00
1.676489214988716725e+01
1.680389484131118394e+01
1.263213694312481294e+01
2.110219396872908248e+01
2.538091856754529374e+01
8.479710330029917031e+00
1.699817982004823236e+01
8.518444832795777799e+00
8.537775005480710888e+00
4.278540169288207906e+00
1.715272149159007142e+01
2.148904035978119609e+01
1.722969290522554076e+01
8.634051594329372747e+00
1.730646298816374440e+01
8.672386079308081364e+00
3.042030347892656295e+01
1.742123805398847480e+01
1.309454588228947003e+01
1.749749979729295646e+01
8.767776895232417544e+00
4.393389091411782132e+00
3.522301480303500654e+01
3.088646186258261395e+01
1.326544078421328443e+01
4.431262521388715570e+00
1.332209533656555500e+01
1.335036401429170283e+01
1.337859351003213249e+01
1.340678373594426276e+01
2.686986920662764433e+01
4.038913806661377492e+01
4.497039300368333770e+00
2.253191691094259141e+01
1.806285688377784382e+01
3.167522248678096375e+01
9.068672074007766426e+00
4.543626945502448500e+00
9.105808946135923065e+00
1.824867432814748724e+01
9.142838466402777087e+00
1.374196915701900501e+01
2.294939998372205991e+01
2.299545010874368600e+01
9.216572827835172177e+00
2.770481474541984213e+01
3.238646670909606229e+01
3.245055303811387404e+01
9.289869274356618689e+00
2.327031039938593437e+01
2.331587778389534549e+01
9.344550004509830643e+00
1.404408104209537456e+01
2.345215759849899229e+01
1.879795377286885127e+01
4.708531038080054465e+00
2.358779610245017366e+01
9.453145805040971794e+00
1.420671597584203205e+01
1.897822556831134477e+01
1.426057800473364345e+01
9.524961428594036050e+00
4.771420419092279985e+00
1.434103499894930778e+01
1.915701733721752831e+01
4.798148295858207568e+00
1.442108025419035044e+01
0.000000000000000000e+00
0.000000000000000000e+00
1.450070298937887792e+01
2.421191322304233040e+01
2.425590681605417487e+01
1.457989094330869229e+01
2.921237592043314635e+01
2.438739097330315886e+01
1.954484031453220538e+01
2.936954862866409144e+01
1.471086619410915119e+01
1.473690522591669883e+01
4.920963578561652341e+00
9.859214682648239858e+00
1.975293115379365005e+01
0.000000000000000000e+00
2.477713861982753230e+01
1.985598673414060400e+01
4.972546269397590812e+00
2.490538096636964127e+01
9.979172313908287961e+00
2.499037926041103930e+01
1.001308991988043218e+01
2.507496575615762069e+01
3.516394060104005348e+01
5.031825412726189661e+00
1.008041753895880710e+01
2.019427912930477120e+01
4.551217259216733169e+01
1.013044644504806158e+01
1.522054452908150068e+01
2.540891252742625639e+01
1.018005155103606008e+01
5.098244205962750186e+00
0.000000000000000000e+00
1.022920938838712601e+01
1.024549158348872879e+01
1.026172025758530459e+01
1.541684157280359280e+01
5.147006449653295235e+00
1.546511208629774181e+01
1.032607874173849005e+01
1.551303571136600645e+01
1.035790874738490608e+01
2.074746471283550164e+01
5.194746699542838186e+00
2.081038121704951394e+01
1.563123402925508110e+01
2.609097075333478699e+01
1.567782913617980967e+01
1.570097198751040501e+01
2.096534514887975931e+01
2.099591675151230064e+01
5.256585282391951885e+00
1.579246141417076643e+01
1.581505191406238353e+01
5.279174981092345398e+00
5.286626014885259295e+00
1.058807247126723894e+01
2.650702394004995455e+01
1.061746159656232713e+01
1.594804012240313362e+01
1.596975481352748538e+01
1.066088911886380863e+01
1.067518257971296158e+01
1.068938165502032334e+01
2.140696873897512376e+01
3.751121048072526776e+01
1.073139261924212917e+01
1.074519400765052346e+01
1.075889074094935793e+01
2.154496129204272137e+01
1.078596150946418497e+01
0.000000000000000000e+00
1.621888058280056910e+01
5.412863553737484068e+00
0.000000000000000000e+00
1.085164988839885147e+01
5.432213870259350763e+00
0.000000000000000000e+00
1.088960386649381817e+01
5.450998507625220313e+00
2.182851347033632905e+01
5.463190179861606488e+00
2.187673036155011275e+01
1.095020844858967912e+01
2.192381474376552930e+01
1.646018867683480025e+01
5.492430406230184303e+00
5.498054770088880439e+00
1.100720234450626123e+01
5.509068113983479620e+00
0.000000000000000000e+00
1.655927255833273293e+01
5.524976884320600412e+00
5.530110591330756442e+00
5.535157041192364957e+00
5.540114614985313324e+00
1.108996334869391909e+01
5.549756561682812617e+00
2.221775040158512482e+01
1.111804619026947627e+01
5.563511332054397407e+00
0.000000000000000000e+00
5.572189086325100682e+00
5.576375086176365237e+00
0.000000000000000000e+00
1.116886481548291421e+01
1.676490032885008219e+01
1.677617419568110435e+01
5.595704424626164908e+00
0.000000000000000000e+00
5.602654879308412994e+00
1.121191040084619317e+01
1.121827275597378559e+01
5.612196490773011526e+00
0.000000000000000000e+00
1.123589154856781569e+01
1.124126208298823393e+01
5.623187438124984894e+00
5.625612985571983415e+00
0.000000000000000000e+00
5.630063571439300141e+00
0.000000000000000000e+00
0.000000000000000000e+00
5.635708105046245642e+00
5.637306522002804243e+00
1.127752002571761381e+01
5.640066543484764772e+00
5.641224076459556258e+00
0.000000000000000000e+00
1.692925196607836114e+01
5.643782284804977678e+00
2.257729367551820587e+01
2.257882140363489754e+01
1.128985208662014728e+01
0.000000000000000000e+00
0.000000000000000000e+00
1.128920073043776462e+01
5.644155808531961860e+00
1.693061969323649762e+01
5.642750632380674425e+00
2.256714408843853548e+01
0.000000000000000000e+00
0.000000000000000000e+00
5.637820395941831819e+00
5.636134747807882484e+00
5.634263997692760206e+00
0.000000000000000000e+00
5.629959595300285891e+00
2.251008877363762295e+01
5.624892192953613979e+00
1.124413554719179942e+01
2.247618855685572825e+01
5.615828519268146302e+00
5.612410170179551905e+00
1.121758075343595884e+01
5.604967453397535770e+00
1.120187949176101050e+01
1.119341126477042359e+01
1.118452705020015792e+01
1.676283561480519779e+01
1.116549831254397596e+01
1.115534780343613619e+01
1.671715401057383232e+01
1.113376013000399034e+01
1.668347619579353136e+01
1.111043872127710230e+01
2.219624274423753008e+01
1.108536297959287076e+01
1.107216120299798057e+01
1.105851380046332366e+01
2.208883726330985198e+01
1.654481049068078136e+01
0.000000000000000000e+00
5.499713351645842074e+00
1.098352118975923908e+01
2.741789705943152455e+01
3.285101438735107138e+01
2.186611549801910570e+01
5.457658224229688493e+00
2.179422623314767549e+01
3.807456369078327185e+01
1.628897482361394822e+01
3.793902606193883287e+01
3.245898517417668216e+01
2.159827213822896397e+01
2.694536110857631073e+01
0.000000000000000000e+00
1.610214403198684963e+01
3.213711783852235016e+01
2.672379169990722048e+01
1.599929291262357722e+01
1.596361339466671936e+01
1.592723748406335460e+01
2.648361070183833732e+01
2.113653555986297405e+01
1.581394491973601824e+01
2.629133014379385358e+01
3.146992662512020544e+01
5.231480989952607352e+00
1.565323965833568032e+01
2.081514161005598851e+01
1.556879567671220599e+01
1.035037423659282929e+01
5.160552253619371754e+00
3.601986650008268498e+01
1.539185197831283070e+01
1.534595997284895752e+01
2.039921874642753608e+01
1.016814593274524547e+01
2.534063229331941258e+01
2.525983433275917989e+01
1.510678790169083108e+01
5.019015611420781120e+00
1.500668316814351755e+01
1.495570289055469182e+01
1.987214960374433659e+01
1.485191751777257885e+01
1.479912545715028038e+01
4.915247616190990598e+00
4.897258907506880199e+00
2.927446861812344991e+01
1.458212303442289581e+01
1.452645051738583071e+01
4.823408188507709582e+00
1.441345317126705261e+01
2.392690751304458630e+01
4.766102308315512737e+00
4.746649648173619340e+00
4.727026418687513498e+00
9.414471141357381612e+00
1.874912043073922163e+01
1.400148925295405533e+01
4.646887604580788533e+00
0.000000000000000000e+00
0.000000000000000000e+00
0.000000000000000000e+00
4.564264833253273146e+00
4.543245237897980182e+00
0.000000000000000000e+00
0.000000000000000000e+00
4.479366721252484140e+00
4.457812084781724415e+00
4.436132353411318618e+00
0.000000000000000000e+00
0.000000000000000000e+00
0.000000000000000000e+00
0.000000000000000000e+00
0.000000000000000000e+00
4.303626233778953036e+00
0.000000000000000000e+00
0.000000000000000000e+00
0.000000000000000000e+00
0.000000000000000000e+00
0.000000000000000000e+00
4.167524699225810814e+00
8.289094802863193223e+00
0.000000000000000000e+00
4.098374470840294492e+00
8.150372545246487022e+00
4.051935204649437239e+00
0.000000000000000000e+00
4.005259284804263409e+00
0.000000000000000000e+00
3.958376279957417587e+00
0.000000000000000000e+00
3.911315586266137068e+00
3.887727731075397930e+00
0.000000000000000000e+00
0.000000000000000000e+00
0.000000000000000000e+00
7.586154304071172305e+00
0.000000000000000000e+00
0.000000000000000000e+00
3.721874653879145622e+00
3.698118278155780647e+00
3.674356522985047668e+00
0.000000000000000000e+00
0.000000000000000000e+00
3.603072702103327529e+00
3.579322980985157443e+00
3.555584482572177851e+00
3.531860418865570228e+00
3.508153963073057824e+00
0.000000000000000000e+00
0.000000000000000000e+00
0.000000000000000000e+00
0.000000000000000000e+00
0.000000000000000000e+00
0.000000000000000000e+00
0.000000000000000000e+00
3.319503401978855184e+00
0.000000000000000000e+00
3.272726261465821462e+00
0.000000000000000000e+00
0.000000000000000000e+00
0.000000000000000000e+00
0.000000000000000000e+00
0.000000000000000000e+00
0.000000000000000000e+00
0.000000000000000000e+00
1.543905008115669197e+01
0.000000000000000000e+00
0.000000000000000000e+00
0.000000000000000000e+00
0.000000000000000000e+00
0.000000000000000000e+00
0.000000000000000000e+00
0.000000000000000000e+00
0.000000000000000000e+00
2.885124296310696224e+00
0.000000000000000000e+00
0.000000000000000000e+00
2.819071933977069566e+00
2.797238073792428725e+00
0.000000000000000000e+00
5.507711174435551804e+00
0.000000000000000000e+00
2.710863681807643477e+00
2.689517862439131601e+00
2.668273988778611550e+00
2.647133392796235274e+00
2.626097358427972761e+00
7.815501366001733174e+00
0.000000000000000000e+00
0.000000000000000000e+00
5.086045717965877344e+00
0.000000000000000000e+00
2.502142905490824187e+00
2.481870811943640120e+00
0.000000000000000000e+00
2.441666974571123472e+00
0.000000000000000000e+00
0.000000000000000000e+00
0.000000000000000000e+00
0.000000000000000000e+00
0.000000000000000000e+00
2.323835774809102972e+00
0.000000000000000000e+00
0.000000000000000000e+00
2.266517527003844013e+00
0.000000000000000000e+00
0.000000000000000000e+00
0.000000000000000000e+00
0.000000000000000000e+00
4.346804021037123711e+00
0.000000000000000000e+00
0.000000000000000000e+00
0.000000000000000000e+00
0.000000000000000000e+00
0.000000000000000000e+00
2.065700048860856342e+00
1.024090416798734537e+01
4.061570180254706841e+00
0.000000000000000000e+00
0.000000000000000000e+00
0.000000000000000000e+00
1.962437323117265375e+00
1.945659066793955283e+00
0.000000000000000000e+00
0.000000000000000000e+00
0.000000000000000000e+00
0.000000000000000000e+00
0.000000000000000000e+00
0.000000000000000000e+00
1.831656683649303785e+00
0.000000000000000000e+00
1.800186378532438791e+00
0.000000000000000000e+00
3.538404108691753258e+00
0.000000000000000000e+00
0.000000000000000000e+00
0.000000000000000000e+00
1.708680898972810835e+00
0.000000000000000000e+00
0.000000000000000000e+00
0.000000000000000000e+00
1.650069527215555887e+00
0.000000000000000000e+00
0.000000000000000000e+00
1.607347729958084059e+00
1.593340174973614909e+00
0.000000000000000000e+00
0.000000000000000000e+00
0.000000000000000000e+00
0.000000000000000000e+00
0.000000000000000000e+00
0.000000000000000000e+00
2.996993068776011349e+00
1.485399274005922976e+00
0.000000000000000000e+00
1.459537832794783663e+00
0.000000000000000000e+00
1.434116462880008047e+00
0.000000000000000000e+00
0.000000000000000000e+00
0.000000000000000000e+00
0.000000000000000000e+00
1.372455621728736253e+00
0.000000000000000000e+00
1.348534858422787419e+00
1.336731194513350429e+00
0.000000000000000000e+00
0.000000000000000000e+00
0.000000000000000000e+00
0.000000000000000000e+00
1.279253264992443517e+00
1.268061010868891447e+00
0.000000000000000000e+00
