0.000000000000000000e+00
3.152329849529889927e+00
2.097956811311188829e+00
1.047236011878520889e+00
0.000000000000000000e+00
0.000000000000000000e+00
0.000000000000000000e+00
0.000000000000000000e+00
1.714895146558288843e+02
2.335285564971139252e+02
7.100223429260781813e+02
9.068373574223713831e+02
8.343770353943527880e+02
8.622996899401846349e+02
9.201079269077097251e+02
1.015949212963521518e+03
9.901707933127127035e+02
1.027209599114592038e+03
1.065244399459114675e+03
1.076567079745865612e+03
1.020238664071808330e+03
1.029616853174361950e+03
1.006263192254014484e+03
1.014695300212373468e+03
1.074261068179208451e+03
1.168512458690934636e+03
1.202457392295691989e+03
1.242526003414299566e+03
1.360079698318798819e+03
1.465325529570392064e+03
1.611256260680954256e+03
1.852799737814767923e+03
2.102336595298629618e+03
2.267318710210237441e+03
2.503437185910308926e+03
2.766931090887313076e+03
2.762081719840218284e+03
2.783746044475496547e+03
2.776039535654311294e+03
2.597815866976387042e+03
2.398414455115978399e+03
2.397129019279697786e+03
2.214198760870307069e+03
2.238460044665738224e+03
2.130822018075492906e+03
2.151164974121705200e+03
2.004065199869206026e+03
2.043827311561836723e+03
2.059291201862794878e+03
2.019982141849922982e+03
2.059951783364785115e+03
2.113207305246549367e+03
2.152323653514933540e+03
2.150865316896146396e+03
2.256231973163235580e+03
2.406483752188837116e+03
2.360536215998798070e+03
2.466284774509192175e+03
2.385842386421733863e+03
2.477565298919872475e+03
2.577595511277943388e+03
2.524836122779176549e+03
2.609827664183873821e+03
2.618420631852908627e+03
2.547423612884518207e+03
2.579636852074083890e+03
2.520939228174275740e+03
2.485769380910143809e+03
2.507965248341943152e+03
2.585597037546946467e+03
2.574183698850966721e+03
2.528948664884363097e+03
2.594641361734253678e+03
2.647140561224689918e+03
2.643203886842250540e+03
2.651682435082780103e+03
2.621073510262167474e+03
2.610073195732493332e+03
2.714768218452225483e+03
2.894148466243713301e+03
2.897022919920988898e+03
2.847149071870583612e+03
3.028439870829437041e+03
3.124036599289006517e+03
3.249001637896033571e+03
3.383675300261666052e+03
3.360440542192016437e+03
3.598907297687594109e+03
3.659521691566524169e+03
3.845763918719010690e+03
4.053466446632356565e+03
4.239767497047074357e+03
4.258791500272823214e+03
4.418694077035248483e+03
4.445537214551897705e+03
4.535726811312131758e+03
4.460687186308407036e+03
4.287322201387951282e+03
4.225649743726889938e+03
4.113053333932621172e+03
3.778567262315074913e+03
3.632224691226723280e+03
3.238755401628507116e+03
3.099823897355111512e+03
2.905050725818823139e+03
2.529153499995923994e+03
2.356534723726337234e+03
2.195203403224531939e+03
1.972199693674206628e+03
1.816255188082351879e+03
1.672756308361358833e+03
1.601096772943933502e+03
1.503286211563620327e+03
1.390012729017709717e+03
1.396744975957589531e+03
1.264474203570718601e+03
1.262347442780228448e+03
1.267864033089213308e+03
1.214445089268357151e+03
1.189298286060580722e+03
1.070907445536080559e+03
1.036653014071514690e+03
9.846828443354037290e+02
1.027327664277913300e+03
1.037017693273433906e+03
1.019096772450681783e+03
9.966860482177448830e+02
1.056403218657949310e+03
9.995018877370275732e+02
9.646927088080074100e+02
1.003511393085271720e+03
9.350028971214958347e+02
9.537472482935368134e+02
8.781336740812953394e+02
8.551728150682517935e+02
8.829347682393962486e+02
8.848009287249645922e+02
8.197873560696557433e+02
8.045024729849681080e+02
8.734293025564456912e+02
8.022930013299574057e+02
8.738226434492186172e+02
8.161483656366256128e+02
8.110729052905846856e+02
8.647051437004508898e+02
7.616435222293939660e+02
8.131105770429460335e+02
8.114943635618199096e+02
8.377657214173489137e+02
8.175812407921330305e+02
8.113190683693179608e+02
8.272674035984871352e+02
7.928651343654939865e+02
7.924011777242801600e+02
7.695510108741316344e+02
7.619550408821287419e+02
7.531448174257820938e+02
7.395498810824960856e+02
7.568343827368187249e+02
7.837537752502837520e+02
8.203800976458009018e+02
7.552911922340733781e+02
7.643987440964206144e+02
7.723531572678866723e+02
7.199548050025218799e+02
7.205813389789059329e+02
7.527846576478457337e+02
7.729861913911393003e+02
6.700314282545929245e+02
6.852381225196793366e+02
6.919409869418680046e+02
6.790023223327423239e+02
7.140994585299531536e+02
6.714808316138337432e+02
7.166728190602736959e+02
7.098950152950551455e+02
7.217837284540673863e+02
6.862414057413029695e+02
6.730702877740695840e+02
6.598306261374872292e+02
7.007134069058886325e+02
6.723186180212771887e+02
6.602440018617165833e+02
6.824166143091144932e+02
6.728574841064106522e+02
5.993508488981753999e+02
6.945954097067594830e+02
6.849980884032379436e+02
6.689046101137827236e+02
6.372114176477338106e+02
5.936725773955010936e+02
6.460822774801773676e+02
6.544705340967051370e+02
6.472193605456502610e+02
6.543524160175547877e+02
6.996688990270267823e+02
6.502831542577737309e+02
6.442642495764068826e+02
6.289233317223879567e+02
6.667241022093353422e+02
6.313400961025092784e+02
6.800869614048614267e+02
6.405046536926563476e+02
6.707196999949131850e+02
6.200644250551134746e+02
6.273676171897336644e+02
6.917997483093890878e+02
6.652860989616951883e+02
5.784415345719742163e+02
7.091605240196556679e+02
6.920879681370126946e+02
6.542072082478243829e+02
7.656144374630484890e+02
6.263452985928526004e+02
6.951753847165518891e+02
6.959595090154975878e+02
6.574950071721619906e+02
7.031674678557135394e+02
6.941081541468972773e+02
6.920672156678268720e+02
6.971116576946077430e+02
7.392199444147372560e+02
7.544486752935604272e+02
7.611736058562279368e+02
7.478076315384502095e+02
7.415678840082869101e+02
7.323917052294485757e+02
7.246067576125080905e+02
8.158354826470017542e+02
8.024230527750771671e+02
8.241145568211609316e+02
8.194649380701338259e+02
8.443038742336075302e+02
8.337624796353363763e+02
9.969910638561013911e+02
9.555757680861577228e+02
9.991379177097500133e+02
9.994672790165948300e+02
9.892556821244224921e+02
1.075661032809928429e+03
1.059566622396285311e+03
1.111802074237639545e+03
1.202537574708137981e+03
1.180571900651115357e+03
1.201472130324277714e+03
1.278008042553799442e+03
1.243685020416717634e+03
1.339502737232026902e+03
1.415722944123228444e+03
1.370561876210612809e+03
1.354879019908116334e+03
1.505876845851913458e+03
1.477906966539054793e+03
1.483008974130574416e+03
1.492908272182036853e+03
1.603378592505205461e+03
1.596138286580992371e+03
1.585625655206275951e+03
1.634678698713335734e+03
1.620973277460016561e+03
1.612032457015389582e+03
1.663295277510916321e+03
1.611915427007629205e+03
1.732421601898684230e+03
1.756632863706851140e+03
1.784307879033676045e+03
1.706056357967597251e+03
1.703775580061973187e+03
1.739870896274579991e+03
1.670643318379190760e+03
1.718624978099407599e+03
1.650490603012324300e+03
1.652990263279742067e+03
1.745578812252022544e+03
1.772292237287999342e+03
1.612588854856587659e+03
1.517010465871715951e+03
1.665567530474509795e+03
1.617916353915396030e+03
1.524756023725670502e+03
1.500625766173154716e+03
1.397595248399199136e+03
1.444780285748679944e+03
1.450010190371733643e+03
1.453497068829924046e+03
1.373587302868982988e+03
1.341173773834890198e+03
1.310299542256806035e+03
1.304305415736680970e+03
1.235233246313081281e+03
1.207210351167325371e+03
1.197108959838938063e+03
1.141411211907758570e+03
1.109046322541474410e+03
1.105773624432784800e+03
1.130073489696203978e+03
1.040010101434762646e+03
9.956247970451747733e+02
1.081163014717053102e+03
1.045918973064502779e+03
1.012278564064110583e+03
1.085624470341730330e+03
1.021644575588768248e+03
1.057637195148580759e+03
1.099591712451607691e+03
1.111293628804256969e+03
1.069407781797321832e+03
1.071442037492898862e+03
1.044518423248156523e+03
1.247989783812489122e+03
1.266232360961376799e+03
1.227979790308452721e+03
1.250173435471209586e+03
1.307919665477369790e+03
1.293038174938890734e+03
1.410786878922080859e+03
1.416033392040081026e+03
1.465218246789042951e+03
1.396536951396667519e+03
1.468102939260736775e+03
1.503849855630413458e+03
1.381807875615969806e+03
1.496775531108230780e+03
1.424788186507903902e+03
1.501811043635982969e+03
1.439548068664915490e+03
1.494458461701284023e+03
1.427519194266313434e+03
1.393334059721761832e+03
1.388097713161874253e+03
1.441467859292058165e+03
1.308052553011240889e+03
1.302381951502398806e+03
1.260632920395697965e+03
1.146248963310747740e+03
1.199623652165414569e+03
1.028415039304060883e+03
9.978461036082576356e+02
9.281802713190902523e+02
9.273118081894079978e+02
8.742306552763249101e+02
8.229227360728590384e+02
7.493095864218180395e+02
7.257153268503994923e+02
7.262147901561301069e+02
5.583238686120301963e+02
5.670768064206425834e+02
4.843697806348575341e+02
4.637701230695573713e+02
3.643023962780544593e+02
3.814588968868918073e+02
3.919408942006227221e+02
3.274535961975236660e+02
2.556332951063811265e+02
2.474198639651174290e+02
1.908532527010007129e+02
1.638663208567153049e+02
1.830069168400235924e+02
1.976366750228185367e+02
1.516943040787689654e+02
1.569412441964532832e+02
1.410648919555859209e+02
9.675110681158106729e+01
1.255310919379001007e+02
8.558156213191207939e+01
1.073720827785467691e+02
7.903014986622866900e+01
7.211057067278467514e+01
8.926413234430941657e+01
8.474998537511980601e+01
8.263147967127369498e+01
7.805671699621728976e+01
6.855050424693915545e+01
5.897321123520494268e+01
6.412189567196443818e+01
8.168361257572780687e+01
4.471775371892677242e+01
4.986805141014827569e+01
4.754768173871863723e+01
4.018624723725698544e+01
4.537431083984219526e+01
3.541962424684115973e+01
2.793092064061924518e+01
5.096798367446767486e+01
3.580705387884225388e+01
4.363758852538849453e+01
5.925282501748561970e+01
4.653944887387803675e+01
3.373320898869998530e+01
3.125065744866815720e+01
4.443124081551525251e+01
3.147605831050211123e+01
1.579457169259593030e+01
2.113498763079641662e+01
2.651339156522590557e+01
2.394742953005034281e+01
1.869232590424590157e+01
1.607915542934210507e+01
3.496228028046444081e+01
2.968870140579517169e+01
2.166847237269771398e+01
4.349063227781046237e+01
2.455010129537305374e+01
3.284918827712598244e+01
3.571222524666807630e+01
2.756774472443782287e+01
4.426356451767371425e+01
1.110475574196179238e+01
2.507330417479510487e+01
2.795673786644582748e+01
1.963809391566328344e+01
2.533704335223880477e+01
3.672537294013337572e+01
2.551362011604397395e+01
1.991276531354972690e+01
2.283624535294923774e+01
3.150835766187100973e+01
2.586849250443895443e+01
4.903093741800087457e+01
2.025858394990815015e+01
4.356012865919591093e+01
1.456973995811101119e+01
2.631511258183117263e+01
3.520642234494282974e+01
3.238234026720146375e+01
2.953842887577580001e+01
2.074694702572596228e+01
2.676482015443730944e+01
2.685510546998514059e+01
4.191522169512614937e+01
3.304400031689188921e+01
3.918287358398831088e+01
3.326560205017970873e+01
2.730811570994383430e+01
3.957635806343012064e+01
2.443556666952365575e+01
3.677479913987357207e+01
3.382166965203607845e+01
3.084837493176126699e+01
1.856992243250991592e+01
2.484116558723521351e+01
4.361438329511250345e+01
9.376466923847967649e+00
2.822105758366362238e+01
3.460451591627784751e+01
4.418490650078649651e+01
2.533017428241404900e+01
3.811783091211461283e+01
3.186706842678163909e+01
3.516627736660092296e+01
4.490035228736219608e+01
2.573926166008257965e+01
2.904887779964631278e+01
3.237903886866790515e+01
3.897791789310026189e+01
1.629210312492853063e+01
3.268686012667033225e+01
4.262642425992850548e+01
2.631383559598130972e+01
3.629457645760442119e+01
3.640766737531425434e+01
4.316093801928058582e+01
2.664287453061685085e+01
3.340649156545200782e+01
1.675470703722047716e+01
3.025112221494367404e+01
1.011459621919003915e+01
3.381829956810868509e+01
4.070555027286572169e+01
2.721943606999655785e+01
4.095276785040498169e+01
1.711516183312304662e+01
3.090000949606893599e+01
1.721818231864772031e+01
2.072363002904011964e+01
3.117815783299627341e+01
4.169448571304337747e+01
1.393936095922224183e+01
4.194166563947371174e+01
2.453805144962706919e+01
1.054719405262008003e+01
1.763012425307931252e+01
2.121789708902523230e+01
2.127963063933379573e+01
4.979647947328336244e+01
2.497022361448080829e+01
5.008437153370602601e+01
5.740371336515677569e+01
3.598005503647745229e+01
5.773240225866028652e+01
3.256686699240104588e+01
2.903041753967903560e+01
2.911247337399152002e+01
4.379173801600238392e+01
2.927647176249345051e+01
2.201880822228572754e+01
5.520057743807416273e+01
2.214162086267219465e+01
3.700496113792863184e+01
3.710716208329718313e+01
4.465116279069767558e+01
3.731137994427132298e+01
1.870669652345730682e+01
3.001227181548532386e+01
5.266410558635845973e+01
7.543805351973727369e+00
2.269245806586278391e+01
4.929915454991328261e+01
2.281440866495769271e+01
2.668786774307288567e+01
3.822695763332094998e+01
3.066264773523519338e+01
3.458662186811853445e+01
4.623691993865806893e+01
4.635824209710101229e+01
2.711301861700687610e+01
2.330028666458742848e+01
3.504118416360753230e+01
3.903539620703450908e+01
4.696326135146183844e+01
3.923661246782592826e+01
1.966853945076112353e+01
1.971872456348899405e+01
4.349149406117466299e+01
5.945684385211939116e+01
3.576417299909709158e+01
5.577312017943187072e+01
2.795646959599122283e+01
4.003758104624196790e+01
1.605489756198010198e+01
3.621312109815547586e+01
4.436987715167960999e+01
2.021779755262280531e+01
1.621393187538564007e+01
3.250716380351698120e+01
4.073296937930876283e+01
1.633274906670061100e+01
5.730292924610922256e+01
2.461760506668289850e+01
2.878953415926618220e+01
3.298108435868776667e+01
2.892728267239585449e+01
3.313832596177922341e+01
2.076050424654157567e+01
1.664759678506193197e+01
2.920180003480455611e+01
2.090730176876736834e+01
4.191223037471792168e+01
3.360778968262236788e+01
2.947498620062456354e+01
4.220438793745816497e+01
3.807137785131794061e+01
2.119927582507479258e+01
3.824590459510852725e+01
4.259222416397889077e+01
1.707555001096142178e+01
1.711416067715283162e+01
3.001726261028262499e+01
2.148904035978119609e+01
5.168907871567662227e+01
1.726810318865874549e+01
3.893954172336842134e+01
3.035335127757828388e+01
3.911181875861986867e+01
3.048716659447983091e+01
2.618909176457894006e+01
3.936937454390914581e+01
3.507110758092967018e+01
1.757355636564712853e+01
3.522301480303500654e+01
3.971116525189193425e+01
2.210906797368880916e+01
1.772505008555486228e+01
1.332209533656555500e+01
2.670072802858340566e+01
2.229765585005355177e+01
4.022035120783279183e+01
3.582649227550352578e+01
5.385218408881836893e+01
1.798815720147333508e+01
2.253191691094259141e+01
3.612571376755568764e+01
5.430038140591022255e+01
2.720601622202330105e+01
2.271813472751224339e+01
3.642323578454369226e+01
4.562168582036871101e+01
1.828567693280555417e+01
3.206459469971101583e+01
5.966843995767735720e+01
5.518908026098485209e+01
1.843314565567034435e+01
4.617469124236640710e+01
6.014629531689269015e+01
4.172213962043212376e+01
3.251454246024816541e+01
3.257843455914030528e+01
4.663175556779069098e+01
2.336137501127457483e+01
5.149496382101636982e+01
4.221388367729818469e+01
3.289641910252048973e+01
1.412559311424016428e+01
3.774047376392027786e+01
2.363286451260243126e+01
2.367785995973672186e+01
3.321189474454484980e+01
2.852115600946728691e+01
1.904992285718807210e+01
1.431426125727683996e+01
1.912137999859907822e+01
3.352478034013067543e+01
9.596296591716415136e+00
3.845621401117426785e+01
1.926355824841575526e+01
1.447420974922384573e+01
2.900140597875775583e+01
2.905429586765079719e+01
4.366063226889751547e+01
2.429981823884781988e+01
3.894983456057752846e+01
3.901982555728505275e+01
2.443105039316525762e+01
4.405432294299613716e+01
2.942173238821830239e+01
2.456150870986116530e+01
1.476289073568495702e+01
4.929607341324120284e+01
2.469116394224206346e+01
0.000000000000000000e+00
4.459884951568955813e+01
2.978398010121090778e+01
1.491763880819277333e+01
3.486753335291749778e+01
2.993751694172486566e+01
2.998845511249324858e+01
3.003926975964129653e+01
4.011994520985219026e+01
5.525762094449151363e+01
5.031825412726189661e+00
2.016083507791761420e+01
3.029141869395715503e+01
6.068289678955644462e+01
2.026089289009612315e+01
3.551460390119017063e+01
5.081782505485251278e+01
2.036010310207212015e+01
2.039297682385100074e+01
2.042574934660949637e+01
2.557302347096781503e+01
3.585922054221055078e+01
1.026172025758530459e+01
2.569473595467265170e+01
3.088203869791976786e+01
5.155037362099247389e+01
3.097823622521546838e+01
2.068404761515467527e+01
2.589477186846226431e+01
3.630806324746212965e+01
5.194746699542838186e+00
2.601297652131189153e+01
4.168329074468021389e+01
5.218194150666957398e+01
3.135565827235961933e+01
1.570097198751040501e+01
3.668935401053958145e+01
3.674285431514652345e+01
5.256585282391951885e+00
3.684907663306512404e+01
2.635841985677063803e+01
2.639587490546172788e+01
2.643313007442629470e+01
2.647018117816809735e+01
5.301404788009990909e+01
3.185238478968697962e+01
4.252810699307502063e+01
2.129300641803664718e+01
2.665222279715952070e+01
2.135036515942592317e+01
3.206814496506096646e+01
4.281393747795024751e+01
3.751121048072526776e+01
1.073139261924212917e+01
3.760817902677683122e+01
2.151778148189871587e+01
3.231744193806407850e+01
3.235788452839255314e+01
0.000000000000000000e+00
2.162517411040075643e+01
2.706431776868742034e+01
1.625812328662220807e+01
2.712912472099712602e+01
1.086442774051870153e+01
1.087707991380951889e+01
1.088960386649381817e+01
1.090199701525044063e+01
4.365702694067265810e+01
1.638957053958482035e+01
3.828427813271269997e+01
1.095020844858967912e+01
2.740476842970691251e+01
2.743364779472466708e+01
1.647729121869055291e+01
1.649416431026664043e+01
3.302160703351878368e+01
5.509068113983479620e+00
5.514454076168971319e+00
3.863830263610971372e+01
1.657493065296180035e+01
2.765055295665378310e+01
2.214062816476945983e+01
1.108022922997062665e+01
2.217992669738783817e+01
5.549756561682812617e+00
2.777218800198140514e+01
1.667706928540421529e+01
1.112702266410879481e+01
1.113580115820775518e+01
3.343313451795060587e+01
1.115275017235273047e+01
5.580456793871355181e+00
1.675329722322437220e+01
2.794150054808346795e+01
2.236823226090813677e+01
1.119140884925232982e+01
5.599237322634971648e+00
1.120530975861682599e+01
1.681786560126928975e+01
1.682740913396067839e+01
1.683658947231903369e+01
1.684540081462414562e+01
1.123589154856781569e+01
2.248252416597646786e+01
5.623187438124984894e+00
1.125122597114396683e+01
1.125581139135981168e+01
1.126012714287860028e+01
1.689625382312530988e+01
0.000000000000000000e+00
1.690712431513873781e+01
1.127461304400560849e+01
1.127752002571761381e+01
5.640066543484764772e+00
1.128244815291911252e+01
0.000000000000000000e+00
2.257233595477114818e+01
1.693134685441493303e+01
3.386594051327730881e+01
2.257882140363489754e+01
3.386955625986044538e+01
2.257993384785003599e+01
0.000000000000000000e+00
1.693380109565664782e+01
2.257662323412784744e+01
2.821769948872749723e+01
1.692825189714202239e+01
2.820893011054817023e+01
5.640644087943186946e+00
5.639322863441513789e+00
1.691346118782549723e+01
1.127226949561576497e+01
5.634263997692760206e+00
5.632206241823562998e+00
1.125991919060057178e+01
2.813761096704702780e+01
1.124978438590722796e+01
2.811033886797950032e+01
3.933332997449752355e+01
5.615828519268146302e+00
5.612410170179551905e+00
3.926153263702585150e+01
2.802483726698767796e+01
1.680281923764151486e+01
2.238682252954084717e+01
1.677679057530023599e+01
3.352567122961039559e+01
1.674824746881596482e+01
2.231069560687227238e+01
3.900669269133894090e+01
2.783440032500997319e+01
2.780579365965588678e+01
3.333131616383130336e+01
4.439248548847506015e+01
4.988413340816791930e+01
2.214432240599596113e+01
1.658777070069498549e+01
3.865546521079224362e+01
3.860455781158849220e+01
5.507438478799429937e+00
3.299828010987505422e+01
3.295056356927771901e+01
3.838505588320413153e+01
4.380135251646809280e+01
2.733264437252388035e+01
4.911892401806719732e+01
3.813989590800843388e+01
4.895301045957849340e+01
5.429658274537982976e+01
5.419860865991262244e+01
6.491797034835336433e+01
3.239740820734344595e+01
4.850164999543736144e+01
3.764840332476666163e+01
5.904119478395178078e+01
4.284949045136313828e+01
6.948185841975877963e+01
2.666548818770596085e+01
3.724843125422234635e+01
3.716355412948115600e+01
4.237377712294134113e+01
3.170480333979445930e+01
3.162788983947203647e+01
5.784092631634648285e+01
4.720488993768030639e+01
3.138888593971564589e+01
4.174197242222847848e+01
3.642649781759797634e+01
5.189598558904068426e+01
2.070074847318565858e+01
1.548165676085811526e+01
5.145695214297526121e+01
3.591432128272993651e+01
3.580723993664756932e+01
3.059882811964130411e+01
2.542036483186311457e+01
5.574939104530270839e+01
6.062360239862204025e+01
3.524917177061193740e+01
1.505704683426234425e+01
1.500668316814351755e+01
1.994093718740625576e+01
3.477626180655258992e+01
2.475319586295429986e+01
2.959825091430056077e+01
4.915247616190990598e+00
9.794517815013760398e+00
2.927446861812344991e+01
1.944283071256386108e+01
2.905290103477166141e+01
9.646816377015419164e+00
2.882690634253410522e+01
3.349767051826242437e+01
1.429830692494653732e+01
1.423994894452085802e+01
4.727026418687513498e+00
1.412170671203607242e+01
1.874912043073922163e+01
2.333581542159009103e+01
4.646887604580788533e+00
0.000000000000000000e+00
9.211747857189129363e+00
4.585142171631489738e+00
4.564264833253273146e+00
9.086490475795960364e+00
1.356626024568430466e+01
0.000000000000000000e+00
1.343810016375745242e+01
8.915624169563448831e+00
4.436132353411318618e+00
4.414331053884755107e+00
8.784823479513857336e+00
4.370377989380735073e+00
1.304470021165984228e+01
0.000000000000000000e+00
4.303626233778953036e+00
4.281170947039123043e+00
8.517238833719000368e+00
0.000000000000000000e+00
0.000000000000000000e+00
0.000000000000000000e+00
4.167524699225810814e+00
1.243364220429478983e+01
0.000000000000000000e+00
8.196748941680588985e+00
8.150372545246487022e+00
8.103870409298874478e+00
0.000000000000000000e+00
1.201577785441278934e+01
0.000000000000000000e+00
3.958376279957417587e+00
0.000000000000000000e+00
3.911315586266137068e+00
3.887727731075397930e+00
0.000000000000000000e+00
0.000000000000000000e+00
3.816777512261836591e+00
7.586154304071172305e+00
3.769357555697687712e+00
0.000000000000000000e+00
3.721874653879145622e+00
3.698118278155780647e+00
3.674356522985047668e+00
0.000000000000000000e+00
3.626830396221841557e+00
7.206145404206655058e+00
7.158645961970314886e+00
3.555584482572177851e+00
3.531860418865570228e+00
3.508153963073057824e+00
0.000000000000000000e+00
3.460806367883718870e+00
3.437171371782301144e+00
3.413566268333982023e+00
0.000000000000000000e+00
0.000000000000000000e+00
0.000000000000000000e+00
6.639006803957710368e+00
0.000000000000000000e+00
6.545452522931642925e+00
0.000000000000000000e+00
3.226147824883908388e+00
0.000000000000000000e+00
0.000000000000000000e+00
0.000000000000000000e+00
0.000000000000000000e+00
3.110706426242803246e+00
1.852686009738803108e+01
3.064983026383401921e+00
0.000000000000000000e+00
3.019546216320661891e+00
0.000000000000000000e+00
0.000000000000000000e+00
2.951965992132662198e+00
0.000000000000000000e+00
2.907319581585438684e+00
2.885124296310696224e+00
2.863016748715705440e+00
0.000000000000000000e+00
2.819071933977069566e+00
5.594476147584857451e+00
0.000000000000000000e+00
8.261566761653327262e+00
0.000000000000000000e+00
5.421727363615286954e+00
2.689517862439131601e+00
5.336547977557223099e+00
2.647133392796235274e+00
5.252194716855945522e+00
7.815501366001733174e+00
0.000000000000000000e+00
2.563628752921794263e+00
7.629068576948816016e+00
0.000000000000000000e+00
2.502142905490824187e+00
2.481870811943640120e+00
0.000000000000000000e+00
2.441666974571123472e+00
2.421736933755013421e+00
0.000000000000000000e+00
9.528898186159954875e+00
2.362643650579756116e+00
2.343180518638060761e+00
4.647671549618205944e+00
0.000000000000000000e+00
0.000000000000000000e+00
2.266517527003844013e+00
0.000000000000000000e+00
2.228907004329176100e+00
2.210283538409616000e+00
0.000000000000000000e+00
6.520206031555686010e+00
2.155144569989324133e+00
0.000000000000000000e+00
0.000000000000000000e+00
0.000000000000000000e+00
0.000000000000000000e+00
4.131400097721712683e+00
1.024090416798734537e+01
4.061570180254706841e+00
0.000000000000000000e+00
0.000000000000000000e+00
0.000000000000000000e+00
3.924874646234530751e+00
1.945659066793955283e+00
0.000000000000000000e+00
0.000000000000000000e+00
0.000000000000000000e+00
1.879778148509916313e+00
0.000000000000000000e+00
1.847574789025175246e+00
3.663313367298607570e+00
0.000000000000000000e+00
1.800186378532438791e+00
0.000000000000000000e+00
5.307606163037629443e+00
0.000000000000000000e+00
0.000000000000000000e+00
1.723631146331192632e+00
3.417361797945621671e+00
0.000000000000000000e+00
0.000000000000000000e+00
0.000000000000000000e+00
1.650069527215555887e+00
3.271423832206136417e+00
3.242942956414323064e+00
1.607347729958084059e+00
3.186680349947229818e+00
0.000000000000000000e+00
0.000000000000000000e+00
0.000000000000000000e+00
3.076923076923076650e+00
1.525027089026301352e+00
1.511705612001456478e+00
4.495489603164017467e+00
2.970798548011845952e+00
0.000000000000000000e+00
1.459537832794783663e+00
4.340317336189950304e+00
2.868232925760016094e+00
0.000000000000000000e+00
1.409130217578968614e+00
1.396798690663912046e+00
1.384574041090684604e+00
1.372455621728736253e+00
1.360442780042286026e+00
1.348534858422787419e+00
1.336731194513350429e+00
0.000000000000000000e+00
0.000000000000000000e+00
0.000000000000000000e+00
0.000000000000000000e+00
2.558506529984887035e+00
1.268061010868891447e+00
0.000000000000000000e+00
