0.000000000000000000e+00
0.000000000000000000e+00
1.048978405655594415e+00
0.000000000000000000e+00
0.000000000000000000e+00
0.000000000000000000e+00
0.000000000000000000e+00
0.000000000000000000e+00
7.379245782159910050e+01
1.245485634651274154e+02
4.083924133034668671e+02
4.523834762483747340e+02
4.538928358588858032e+02
4.512873826393541208e+02
4.734636081285187856e+02
5.481592102399528130e+02
5.331688887068453369e+02
5.223448211713840692e+02
5.536805509242649350e+02
5.326390032298420465e+02
5.454944414936703652e+02
5.388840445469794531e+02
5.128564184326156692e+02
6.024753345010968815e+02
6.020359364010978425e+02
6.332847241157163580e+02
7.002425900805133097e+02
7.916257624380102698e+02
9.094385988758384656e+02
9.863943759555908173e+02
1.129508971615156952e+03
1.288815641798624256e+03
1.400200946336357219e+03
1.589869512812292896e+03
1.673703333878297599e+03
1.719929245327455419e+03
1.723506474190216977e+03
1.766764369103244007e+03
1.539874107593097506e+03
1.503036545396814972e+03
1.422598921091230295e+03
1.300602403090763801e+03
1.235524939009245145e+03
1.121767958891447051e+03
1.202965265087879516e+03
1.151213346226528301e+03
1.056855052210660460e+03
1.092477986706674756e+03
1.088540516961003959e+03
1.052137505759939813e+03
1.112252072378915045e+03
1.075906988584661576e+03
1.171685161710443253e+03
1.211640575491590880e+03
1.150993507715539863e+03
1.258165850151137420e+03
1.217914590754552137e+03
1.189883161948512679e+03
1.284057724830476445e+03
1.328431393828747332e+03
1.345364205174727203e+03
1.320542317850982954e+03
1.250839998549425218e+03
1.382199429056077406e+03
1.332954216044224722e+03
1.286752296656605267e+03
1.276321361769369787e+03
1.288424722340828112e+03
1.271903976496812220e+03
1.278963576242009367e+03
1.234787718492654903e+03
1.233683561359985788e+03
1.254179375565132204e+03
1.332308414503766244e+03
1.370473949892517567e+03
1.309879633951571350e+03
1.401753823813034842e+03
1.403043298891775066e+03
1.388879138006178664e+03
1.481183840045443276e+03
1.518867730872861102e+03
1.563912367597155935e+03
1.521995799513048041e+03
1.574472930605123793e+03
1.689439291083770513e+03
1.724603027308282435e+03
1.786958776077316543e+03
1.791113191606977807e+03
1.972759839435462254e+03
1.971999052886623076e+03
2.083234820662112270e+03
2.174884438811397558e+03
2.190235628711737718e+03
2.203570281345364947e+03
2.195950249345721204e+03
2.153601423063224956e+03
2.133326283191940092e+03
2.014830236514337457e+03
1.966894024857861950e+03
1.938980601037752422e+03
1.768916697597963775e+03
1.720527485317921446e+03
1.658200220406844664e+03
1.474280506508410554e+03
1.353841120478915400e+03
1.228781801856913034e+03
1.147232163412640148e+03
1.085811058333227948e+03
9.973726267955024696e+02
9.592064107575238268e+02
8.584589682962027837e+02
8.566515078958782397e+02
7.932509556345773944e+02
7.816115189647869101e+02
7.146389279161891182e+02
6.843803679119869230e+02
7.051733990703345398e+02
6.573706035707615456e+02
6.410784778781705882e+02
6.345841820746428539e+02
6.127300532801116333e+02
5.787247228979748570e+02
5.710060292849994994e+02
5.555505823992149317e+02
5.577145208765539337e+02
5.112081529557166277e+02
5.133099447439553842e+02
5.576387126880026699e+02
4.908466954254222969e+02
5.040937622904270370e+02
4.648783290907272203e+02
4.703008584323691821e+02
4.319914006976608221e+02
4.283853134762784407e+02
4.563175100166561151e+02
4.516290374626067887e+02
4.016679407894660017e+02
3.923187070540814716e+02
3.999786306365942892e+02
4.042599770632831451e+02
4.108470561575884403e+02
4.014551673438164130e+02
3.805635637519096690e+02
4.273641937225176548e+02
3.615411652755547038e+02
3.485096116867833302e+02
3.793744939830530143e+02
3.558982423049695853e+02
4.020345903056903012e+02
3.377472362246703597e+02
3.303644551777222773e+02
3.697545962335530021e+02
3.237141672853200021e+02
3.585791679612840426e+02
3.688659516134811156e+02
3.177765984454149475e+02
3.138103405940759103e+02
3.181370274961620339e+02
3.510473945084300453e+02
3.447562268604748397e+02
3.049517855680455227e+02
3.189007256099420715e+02
3.124900526180335874e+02
3.458117880434999734e+02
3.418577345901236413e+02
3.487855892872687491e+02
3.168980574936899188e+02
3.542346168422386654e+02
3.099963256405584389e+02
3.377245032418420010e+02
3.251141162049557352e+02
3.222800877738740724e+02
3.292997503065587352e+02
2.844209783999664296e+02
3.211388583678389068e+02
3.195149193184398655e+02
3.029247772268365679e+02
2.724965873435410799e+02
2.657186238512155114e+02
2.878118350199706015e+02
3.037264947199984704e+02
3.260492546043035986e+02
2.825996399523278342e+02
2.948243100925783438e+02
3.020212570704911172e+02
3.067040591376591010e+02
3.139776298489964006e+02
3.174381385283297732e+02
3.299413876476461951e+02
3.037417508057149007e+02
3.435005087550388225e+02
3.470904790487069818e+02
2.724787681797039340e+02
2.562727164988837671e+02
2.976713395510720375e+02
3.077491022036169852e+02
2.915062415638296329e+02
2.579702847379863329e+02
3.356911454130045627e+02
3.020885652724932697e+02
2.682861719167111119e+02
3.360272191193311642e+02
3.034676136992459874e+02
3.124637959815660224e+02
3.255675957261053100e+02
3.482364527381458856e+02
3.438611715565332929e+02
3.421860877856260572e+02
3.733204230216287556e+02
3.703546256969187880e+02
3.742503525512275360e+02
3.519469158295257785e+02
3.530410154666860194e+02
3.541420202686861103e+02
3.803264128809992712e+02
3.899050261351884501e+02
4.107591409412440271e+02
4.303384903276966611e+02
4.302906240138285625e+02
4.387338177035303488e+02
4.656876246921208349e+02
4.586297150318794138e+02
4.629571416574120803e+02
4.630114400971028772e+02
4.817606857026554508e+02
4.746611553282614864e+02
5.862028470710013153e+02
5.503526275253317408e+02
5.244656674159297154e+02
5.831817815250560670e+02
6.144199275944241663e+02
6.076104477970651487e+02
5.904222896738514237e+02
6.071804913863016964e+02
6.537646320367878161e+02
6.589149602091758879e+02
7.254219911515400554e+02
7.548529149329536949e+02
7.558696383964385177e+02
8.097672943625303787e+02
7.336627256649529727e+02
8.532434523219094444e+02
7.691357076813470712e+02
7.717357171571493382e+02
8.696077055799760274e+02
8.448111065373726660e+02
8.306702188604195953e+02
8.009077779973648603e+02
8.129894134569033213e+02
8.860987272650141904e+02
9.063889739663093223e+02
8.119461363214079483e+02
8.731651201881380757e+02
7.906212372768767409e+02
8.474122567337866485e+02
8.423720366594511688e+02
8.565034938022376991e+02
8.289593091048006954e+02
8.060545851643666992e+02
8.978444800302487465e+02
8.620233984644228258e+02
7.591533783742282822e+02
8.108621214967384958e+02
8.530863948743520950e+02
7.803598663514970895e+02
7.698958070645305725e+02
7.510627115250937322e+02
7.836702130949115599e+02
6.595479885109971292e+02
7.021058680048955694e+02
7.550514825505225645e+02
7.408643913317079068e+02
5.893858725628588218e+02
6.135870995355211335e+02
6.601319497886966019e+02
4.913089186240347317e+02
5.927164334379864385e+02
5.293263269727478928e+02
5.225783303555610928e+02
5.001477617687848465e+02
4.984657016556588474e+02
4.233016897529489597e+02
4.897857833826022897e+02
4.475122580248120698e+02
4.349881738834079670e+02
4.152705799371344142e+02
3.989680283386659312e+02
4.182948061229093923e+02
3.337012480426721481e+02
3.403193637801346654e+02
3.813194372699185806e+02
3.373670705000643579e+02
3.167552645485646394e+02
2.886809208592305822e+02
2.915721497260577166e+02
2.852791382783577205e+02
3.251186107504764209e+02
2.985020341234136936e+02
3.126254500386659743e+02
2.353317689395131254e+02
2.774393101509043618e+02
2.163722947821472644e+02
2.171702887111060249e+02
2.369258949705602220e+02
2.454106071042515111e+02
2.692309306896911494e+02
2.318966695295267755e+02
1.981302151916850676e+02
1.911410793004944821e+02
1.996008505165937379e+02
2.392420589834859470e+02
2.147500428202381499e+02
2.214257025207628260e+02
2.242147997961205306e+02
2.230737614780071283e+02
1.763483598652600790e+02
1.730265521172570686e+02
1.796589130940243422e+02
1.883421426560785221e+02
2.031210915963484922e+02
1.695615944603419223e+02
1.620889003655096587e+02
1.647266549181612731e+02
1.898356752797063791e+02
1.536641586257827043e+02
1.604067847940905835e+02
1.217859796137786503e+02
1.284560087728758049e+02
1.580498336400804646e+02
1.774260234868561099e+02
1.948495798170950764e+02
1.724442272458549326e+02
1.878638471372990182e+02
1.631407308747373861e+02
1.318505301025350036e+02
1.536884394233271109e+02
1.328369425767745327e+02
1.397844757209843749e+02
1.640504665587229169e+02
1.473299134506536063e+02
1.326568904772532846e+02
1.702598764288673863e+02
1.533674592091440445e+02
1.209525544750665773e+02
1.523064453518935579e+02
1.927546689255818535e+02
1.623396347792428003e+02
1.428556035052114339e+02
1.837157009261048586e+02
1.371755936602550889e+02
1.602578797572149085e+02
1.857754527424916944e+02
1.387129817225620911e+02
1.620532495763665963e+02
1.580738019777138845e+02
1.586611377875789231e+02
1.223227465550128272e+02
1.667911140820468177e+02
1.395082411925777706e+02
1.703643722730789705e+02
1.171203314898905177e+02
1.340116473578066234e+02
1.132695884623388167e+02
1.113200249260623593e+02
1.331268744274187839e+02
1.073720827785467691e+02
1.101632392074702693e+02
1.033584846309913701e+02
9.408922057913694914e+01
1.089642669108683180e+02
1.020741807703969215e+02
7.805671699621728976e+01
7.834343342507331442e+01
6.634486263960555164e+01
5.918944215873640502e+01
3.712891480714900183e+01
2.981183581261785065e+01
5.485485655116310255e+01
3.503513391274005073e+01
5.274444949889979739e+01
3.024954055989479684e+01
4.806949004928443259e+01
3.808761905538987946e+01
3.567758857212736956e+01
3.580705387884225388e+01
3.080300366498011400e+01
2.576209783368939910e+01
3.102629924925202687e+01
1.816403560929999017e+01
2.083377163244543695e+01
1.568161440547597429e+01
2.885305345129360077e+01
2.369185753889389545e+01
1.585124072309731069e+01
2.121071325218072445e+01
2.128660402671141583e+01
8.010996816105386387e+00
1.607915542934210507e+01
1.344703087710171019e+01
2.968870140579517169e+01
8.125677139761643630e+00
2.718164517363154076e+01
1.363894516409614255e+01
2.737432356427164848e+01
5.494188499487396626e+00
2.756774472443782287e+01
1.659883669412764107e+01
1.943332254843313578e+01
1.114369074435338014e+01
8.387021359933747533e+00
1.402720993975948893e+01
1.689136223482586985e+01
1.695017212621540637e+01
2.267877343648353161e+01
1.706808455447119499e+01
1.427265334559327314e+01
1.718637690647509686e+01
2.011993861456362964e+01
2.018920952505918365e+01
1.157633368566179932e+01
8.712025731839181830e+00
2.039763594135541780e+01
1.461950698990620801e+01
1.466934264372618024e+01
2.355079292160106164e+01
2.067690021304305859e+01
1.778309745062225389e+01
3.568642687258307689e+01
2.088730425443288752e+01
1.496972203397362478e+01
3.004000028808353662e+01
3.014067198768331934e+01
1.209658256370171259e+01
3.337658586770913161e+01
3.044335235648471283e+01
1.527222916845228440e+01
9.193699784968393018e+00
9.224091723282565880e+00
1.542418746588063350e+01
1.856992243250991592e+01
9.315437095213205509e+00
2.803781783257232618e+01
3.125488974615989335e+01
1.881403838910907922e+01
9.437595249893959704e+00
2.840458275050560033e+01
2.533017428241404900e+01
2.858837318408595607e+01
1.274682737071265493e+01
1.598467153027314680e+01
2.245017614368109804e+01
1.930444624506193207e+01
1.613826544424795273e+01
9.713711660600372610e+00
9.744479473275065473e+00
1.303368249994282557e+01
1.307474405066813183e+01
1.967373427381315310e+01
2.302460614648364867e+01
6.599013901382622116e+00
2.316851560247270569e+01
1.992043293197565390e+01
2.664287453061685085e+01
1.670324578272600391e+01
1.005282422233228701e+01
1.344494320664163389e+01
2.022919243838007830e+01
2.029097974086521106e+01
1.017638756821643042e+01
3.402429508749569731e+00
1.706365327100207452e+01
2.396122656637226456e+01
1.373333755380841659e+01
1.721818231864772031e+01
1.381575335269341309e+01
1.039271927766542447e+01
2.084724285652168874e+01
2.439388167863892320e+01
3.495138803289476215e+01
1.752717960687647647e+01
1.406292540349343945e+01
3.878627335677448684e+01
2.121789708902523230e+01
2.837284085244506215e+01
1.422756556379524717e+01
1.426869920827474658e+01
1.073236532865129078e+01
3.228958876790068899e+01
2.878404402918195970e+01
7.216550282332535815e+00
3.256686699240104588e+01
7.257604384919758900e+00
1.819529585874470001e+01
1.459724600533412797e+01
3.293603073280513627e+01
2.201880822228572754e+01
3.680038495871610849e+01
4.059297158156568486e+01
1.850248056896431592e+01
2.968572966663774793e+01
1.860465116279069875e+01
2.238682796656279805e+01
2.244803582814876819e+01
1.125460193080699511e+01
2.257033096558219398e+01
1.885951337993432020e+01
1.891038172155231933e+01
2.275345594611382083e+01
3.802401444159615007e+00
4.193807788197167952e+01
2.293617457999257070e+01
2.682981676833079376e+01
1.537183194138601650e+01
1.155922998466451723e+01
1.545274736570033625e+01
2.323973024314875246e+01
7.766762221529142529e+00
1.946732453533751794e+01
2.732477734492415777e+01
3.522244601359637528e+01
3.138928997426074474e+01
1.966853945076112353e+01
2.366246947618679286e+01
1.581508874951806121e+01
1.981894795070646254e+01
1.986898499949838381e+01
1.593517719412339062e+01
2.396268822513533436e+01
1.201127431387259037e+01
1.605489756198010198e+01
2.011840061008637548e+01
2.823537636925066252e+01
8.087119021049121059e+00
4.053482968846410017e+00
2.844376832807735767e+01
4.073296937930876105e+00
2.858231086672606835e+01
1.637226549888834981e+01
2.872053924446338158e+01
4.112790594180883552e+00
1.236790663450791250e+01
3.305975162559526126e+01
2.071145372611201196e+01
2.076050424654157567e+01
1.664759678506193197e+01
8.343371438515585936e+00
2.090730176876736834e+01
1.676489214988716725e+01
8.401947420655591969e+00
1.684284925749975059e+01
8.440877587491632639e+00
2.538091856754529374e+01
4.239855165014958516e+00
4.249544955012058089e+00
2.129611208198944539e+01
1.707555001096142178e+01
4.278540169288207906e+00
2.144090186448758928e+01
1.289342421586871801e+01
1.722969290522554076e+01
1.726810318865874549e+01
1.730646298816374440e+01
4.336193039654040682e+00
8.691515279693303953e+00
8.710619026994237402e+00
2.182424313714911435e+01
2.187187474661619291e+01
2.191944223808104653e+01
2.196694545705891244e+01
8.805753700758751634e+00
8.824703389309318524e+00
1.326544078421328443e+01
2.215631260694357962e+01
4.440698445521851667e+00
8.900242676194467961e+00
3.567624936008568426e+01
2.681356747188852552e+01
1.791324613775176289e+01
1.346304602220459223e+01
2.698223580221000262e+01
2.703830029313110828e+01
3.160999954661122402e+01
2.262515891912925881e+01
2.720601622202330105e+01
2.271813472751224339e+01
1.821161789227184613e+01
2.281084291018435906e+01
2.285709616600694360e+01
2.290328192836501131e+01
2.294939998372205991e+01
9.198180043497474756e+00
1.382485924175275827e+01
2.308734562118320000e+01
1.850655240519775191e+01
1.854317316463650300e+01
1.857973854871323738e+01
9.308124159754372684e+00
9.326351113558137840e+00
2.803365001352949193e+01
1.404408104209537456e+01
3.752345215759838482e+01
9.398976886434425637e+00
3.295971726656038214e+01
2.358779610245017366e+01
9.453145805040971794e+00
2.841343195168406410e+01
4.744556392077836193e+00
1.901410400631152342e+01
4.762480714297018025e+00
1.431426125727683996e+01
1.434103499894930778e+01
1.436776300291314712e+01
1.439444488757462182e+01
1.442108025419035044e+01
9.631779124207877629e+00
2.894841949844769147e+01
9.667135326252585870e+00
9.684765289216931805e+00
1.455354408963250457e+01
2.915978188661738457e+01
9.737458640144382116e+00
3.414234736262442027e+01
2.443105039316525762e+01
9.789849542888029887e+00
1.471086619410915119e+01
1.473690522591669883e+01
1.476289073568495702e+01
0.000000000000000000e+00
9.876465576896825027e+00
1.484051900775189026e+01
2.973256634379303875e+01
2.481998341767575411e+01
2.983527761638554310e+01
2.988645715964356953e+01
1.995834462781657592e+01
1.499422755624662429e+01
3.504581471958151440e+01
1.002998630246304934e+01
1.004684017172573007e+01
3.019095247635713619e+01
2.016083507791761420e+01
1.009713956465238560e+01
4.045526452637096071e+01
1.519566966757209237e+01
1.014702968605433497e+01
2.032713002194100582e+01
1.018005155103606008e+01
3.058946523577650112e+01
1.531931200995712139e+01
1.534381408258068902e+01
1.536823737523309319e+01
1.026172025758530459e+01
5.138947190934530340e+00
1.029401289930659047e+01
5.155037362099247567e+00
5.163039370869245026e+00
3.619708332652067639e+01
4.661058936323208002e+01
2.593433089104437528e+01
5.194746699542838186e+00
1.560778591278713634e+01
1.042082268617005347e+01
1.043638830133391515e+01
1.567782913617980967e+01
3.663560130419094207e+01
5.241336287219939827e+00
3.149387512726844918e+01
1.576975584717585654e+01
1.579246141417076643e+01
1.054336794270825450e+01
5.279174981092345398e+00
1.585987804465577611e+01
1.588210870690085841e+01
1.060280957601998253e+01
1.061746159656232713e+01
1.594804012240313362e+01
1.064650320901832359e+01
2.132177823772761727e+01
1.601277386956944326e+01
2.137876331004064667e+01
0.000000000000000000e+00
5.358744354389323838e+00
1.609708892886319376e+01
0.000000000000000000e+00
1.075889074094935793e+01
2.693120161505340349e+01
5.392980754732092485e+00
1.079933107738377096e+01
0.000000000000000000e+00
5.412863553737484068e+00
3.251624657324441614e+01
5.425824944199425737e+00
5.432213870259350763e+00
5.438539956904759443e+00
5.444801933246909087e+00
1.090199701525044063e+01
5.457128367584082262e+00
0.000000000000000000e+00
0.000000000000000000e+00
2.190041689717935824e+01
1.096190737188276465e+01
2.743364779472466708e+01
1.647729121869055291e+01
2.199221908035552175e+01
0.000000000000000000e+00
0.000000000000000000e+00
1.654336222850691485e+01
5.519757519444244309e+00
5.524976884320600412e+00
5.530110591330756442e+00
0.000000000000000000e+00
1.108022922997062665e+01
1.108996334869391909e+01
1.109951312336562523e+01
1.666331280118884095e+01
1.111804619026947627e+01
0.000000000000000000e+00
1.113580115820775518e+01
5.572189086325100682e+00
1.115275017235273047e+01
1.116091358774271036e+01
1.116886481548291421e+01
1.117660021923338753e+01
1.677617419568110435e+01
1.119140884925232982e+01
0.000000000000000000e+00
1.680796463792523809e+01
1.121191040084619317e+01
1.121827275597378559e+01
5.612196490773011526e+00
1.684540081462414562e+01
1.123589154856781569e+01
5.620631041494116964e+00
1.686956231437495290e+01
5.625612985571983415e+00
1.125581139135981168e+01
5.630063571439300141e+00
5.632084607708436330e+00
5.633966791959178266e+00
0.000000000000000000e+00
5.637306522002804243e+00
2.255504005143522761e+01
5.640066543484764772e+00
0.000000000000000000e+00
0.000000000000000000e+00
0.000000000000000000e+00
5.643782284804977678e+00
5.644323418879551468e+00
5.644705350908724384e+00
5.644926043310073638e+00
1.693495038588752877e+01
1.128975115452984745e+01
5.644600365218882310e+00
5.644155808531961860e+00
2.821769948872749723e+01
1.692825189714202239e+01
1.692535806632890072e+01
5.640644087943186946e+00
5.639322863441513789e+00
1.691346118782549723e+01
1.127226949561576497e+01
1.126852799538552041e+01
5.632206241823562998e+00
0.000000000000000000e+00
5.627522193409405737e+00
1.124978438590722796e+01
1.686620332078770090e+01
1.123809427842786413e+01
1.684748555780443979e+01
2.244964068071820762e+01
1.682637113015393737e+01
1.681490236019260820e+01
1.120187949176101050e+01
2.238682252954084717e+01
2.236905410040031583e+01
2.793805935800866536e+01
1.116549831254397596e+01
2.788836950859034047e+01
3.343430802114766465e+01
2.226752026000798068e+01
1.112231746386235542e+01
1.666565808191565523e+01
1.109812137211876504e+01
3.879877042857504676e+01
1.107216120299798057e+01
1.658777070069498549e+01
2.761104657913731586e+01
3.860455781158849220e+01
2.202975391519771975e+01
4.399770681316673659e+01
4.393408475903695631e+01
3.290147647131782804e+01
2.190067625823404640e+01
1.639958662351433105e+01
3.274594934537812918e+01
5.448556558286918872e+00
1.631767015319282876e+01
4.343726619630386665e+01
1.625958259797378602e+01
5.409830862362780657e+00
4.319654427645792794e+01
3.772350555200683431e+01
3.764840332476666163e+01
2.146952537598246735e+01
2.142474522568156914e+01
3.206855003988866315e+01
2.133239055016477081e+01
1.064240892977781350e+01
1.592723748406335460e+01
2.118688856147067057e+01
2.642066944982871846e+01
1.054262994649067764e+01
3.680786220131139430e+01
2.622493885426683846e+01
1.569444296985782294e+01
2.608873276389279994e+01
2.081514161005598851e+01
5.189598558904068071e+00
1.035037423659282929e+01
2.064220901447748702e+01
1.029139042859505260e+01
1.539185197831283070e+01
2.557659995474826076e+01
5.099804686606884019e+00
1.016814593274524547e+01
3.547688521064717548e+01
3.536376806586285682e+01
1.510678790169083108e+01
1.003803122284156224e+01
1.000445544542901111e+01
4.985234296851563940e+00
1.490411220280825333e+01
4.950639172590859616e+00
1.973216727620037503e+01
4.915247616190990598e+00
1.469177672252064148e+01
9.758156206041149971e+00
0.000000000000000000e+00
0.000000000000000000e+00
1.929363275403083833e+01
1.921793756168940348e+01
2.392690751304458630e+01
0.000000000000000000e+00
4.746649648173619340e+00
0.000000000000000000e+00
0.000000000000000000e+00
9.374560215369610816e+00
9.334326168636037480e+00
4.646887604580788533e+00
0.000000000000000000e+00
0.000000000000000000e+00
0.000000000000000000e+00
9.128529666506546292e+00
4.543245237897980182e+00
1.356626024568430466e+01
0.000000000000000000e+00
1.343810016375745242e+01
4.457812084781724415e+00
4.436132353411318618e+00
0.000000000000000000e+00
4.392411739756928668e+00
4.370377989380735073e+00
4.348233403886614390e+00
0.000000000000000000e+00
8.607252467557906073e+00
0.000000000000000000e+00
0.000000000000000000e+00
4.235975327779410549e+00
0.000000000000000000e+00
8.380848523983523535e+00
0.000000000000000000e+00
4.144547401431596612e+00
0.000000000000000000e+00
0.000000000000000000e+00
0.000000000000000000e+00
0.000000000000000000e+00
0.000000000000000000e+00
0.000000000000000000e+00
0.000000000000000000e+00
3.958376279957417587e+00
3.934866315277879334e+00
3.911315586266137068e+00
3.887727731075397930e+00
0.000000000000000000e+00
0.000000000000000000e+00
0.000000000000000000e+00
0.000000000000000000e+00
3.769357555697687712e+00
3.745622229885471555e+00
3.721874653879145622e+00
0.000000000000000000e+00
7.348713045970095337e+00
3.650592777068402572e+00
0.000000000000000000e+00
0.000000000000000000e+00
0.000000000000000000e+00
3.555584482572177851e+00
3.531860418865570228e+00
0.000000000000000000e+00
0.000000000000000000e+00
3.460806367883718870e+00
0.000000000000000000e+00
0.000000000000000000e+00
3.389994022071576296e+00
0.000000000000000000e+00
0.000000000000000000e+00
0.000000000000000000e+00
0.000000000000000000e+00
0.000000000000000000e+00
0.000000000000000000e+00
0.000000000000000000e+00
3.202939689248260002e+00
0.000000000000000000e+00
0.000000000000000000e+00
0.000000000000000000e+00
3.110706426242803246e+00
0.000000000000000000e+00
0.000000000000000000e+00
3.042227696750160693e+00
0.000000000000000000e+00
2.996940722909982480e+00
2.974413303086084870e+00
2.951965992132662198e+00
0.000000000000000000e+00
0.000000000000000000e+00
2.885124296310696224e+00
0.000000000000000000e+00
2.840998718347819807e+00
0.000000000000000000e+00
0.000000000000000000e+00
0.000000000000000000e+00
0.000000000000000000e+00
5.464620132952475728e+00
0.000000000000000000e+00
5.379035724878263203e+00
2.668273988778611550e+00
2.647133392796235274e+00
0.000000000000000000e+00
0.000000000000000000e+00
0.000000000000000000e+00
2.563628752921794263e+00
7.629068576948816904e+00
0.000000000000000000e+00
0.000000000000000000e+00
2.481870811943640120e+00
0.000000000000000000e+00
2.441666974571123472e+00
2.421736933755013421e+00
4.803845084945304045e+00
2.382224546539988719e+00
7.087930951739268792e+00
2.343180518638060761e+00
0.000000000000000000e+00
0.000000000000000000e+00
2.285503751912420611e+00
0.000000000000000000e+00
2.247651799824199159e+00
0.000000000000000000e+00
0.000000000000000000e+00
2.191781764554645573e+00
0.000000000000000000e+00
2.155144569989324133e+00
0.000000000000000000e+00
2.118997637892437336e+00
2.101108569403329795e+00
0.000000000000000000e+00
0.000000000000000000e+00
2.048180833597469164e+00
0.000000000000000000e+00
0.000000000000000000e+00
0.000000000000000000e+00
0.000000000000000000e+00
0.000000000000000000e+00
0.000000000000000000e+00
1.929004146378404227e+00
0.000000000000000000e+00
1.896063836343594877e+00
1.879778148509916313e+00
3.727230402830041811e+00
0.000000000000000000e+00
1.831656683649303785e+00
1.815860636547331097e+00
1.800186378532438791e+00
1.784633620566002499e+00
1.769202054345876629e+00
1.753891352886917776e+00
1.738701171094718667e+00
1.723631146331192632e+00
0.000000000000000000e+00
0.000000000000000000e+00
0.000000000000000000e+00
3.329089563618551573e+00
0.000000000000000000e+00
1.635711916103068209e+00
0.000000000000000000e+00
1.607347729958084059e+00
0.000000000000000000e+00
1.579448304543018544e+00
1.565671598102334805e+00
0.000000000000000000e+00
1.538461538461538325e+00
0.000000000000000000e+00
0.000000000000000000e+00
0.000000000000000000e+00
0.000000000000000000e+00
1.472413239909616811e+00
1.459537832794783663e+00
0.000000000000000000e+00
0.000000000000000000e+00
2.843138526441524760e+00
0.000000000000000000e+00
2.793597381327824092e+00
0.000000000000000000e+00
0.000000000000000000e+00
0.000000000000000000e+00
1.348534858422787419e+00
0.000000000000000000e+00
0.000000000000000000e+00
0.000000000000000000e+00
0.000000000000000000e+00
0.000000000000000000e+00
1.279253264992443517e+00
1.268061010868891447e+00
0.000000000000000000e+00
