0.000000000000000000e+00
0.000000000000000000e+00
4.195913622622377659e+00
0.000000000000000000e+00
0.000000000000000000e+00
0.000000000000000000e+00
0.000000000000000000e+00
0.000000000000000000e+00
4.884852841711489191e+01
2.075809391085456923e+01
5.182644838876478843e+01
1.397523324794751147e+02
1.426815748258000554e+02
1.796887976641821183e+02
1.186237798143347391e+02
1.287968069172820833e+02
2.068859973553588816e+02
1.521791998688283911e+02
1.561399698339300812e+02
2.062821573202277250e+02
1.353482448818881494e+02
1.331842695648427934e+02
1.668574774541244778e+02
1.176310075851037027e+02
1.134566875051305033e+02
1.818140014396733477e+02
1.776125520029289646e+02
1.693426244390589090e+02
6.830984991556181285e+01
1.579453804474345588e+02
1.874027509262298281e+02
2.056404104607599947e+02
2.167462220709621761e+02
2.207304441972282802e+02
1.942146638947476731e+02
2.927539140982901245e+02
2.875898185116930108e+02
1.239478165788359547e+02
2.955826947952450610e+02
2.112375685422550760e+02
1.969908570247669104e+02
2.792081661592192177e+02
2.751251096725600291e+02
2.781578468201414580e+02
1.999866305673522220e+02
1.644590494609326470e+02
1.939090441616099270e+02
1.238683219128386099e+02
8.428065569754039643e+01
1.289782463624635511e+02
1.594735848068396535e+02
2.123366955752542253e+02
9.552333495297625632e+01
7.013691250748320272e+01
1.952215136761340091e+02
1.220532756815978246e+02
1.790751612137019038e+02
2.249479715916347686e+02
1.568159315018979214e+02
1.507728882566370885e+02
2.130159991526650174e+02
2.182208926796220112e+02
2.683286456920870933e+02
8.472862083578615966e+01
1.675130202538334743e+02
2.769736873661158825e+02
2.362421751351957937e+02
2.896141353633472590e+02
1.853579869129814597e+02
1.660193103775684449e+02
2.563927986903352121e+02
2.473525276936409227e+02
2.588478318119682626e+02
2.230794181692265283e+02
1.893147198049723556e+02
2.100750356337428002e+02
1.824341373639022095e+02
1.619689690632417296e+02
1.817418054193958596e+02
3.524659382103950520e+02
1.707174220667725422e+02
1.688196794161167418e+02
1.679586645239194240e+02
2.418274178187170946e+02
1.922178775218312694e+02
2.007529458808796790e+02
1.582853927527692122e+02
2.741925316604394993e+02
1.816191598210425582e+02
1.975134186516013415e+02
8.579872189567686291e+01
2.126693357797271346e+02
2.674856730466922272e+02
2.142651751165180940e+02
1.935128572220364731e+02
2.464267643016110014e+02
2.119617315479881654e+02
2.819495142292078071e+02
3.077237425987300412e+02
2.043818984163222012e+02
2.502783816745320564e+02
1.370049664234643387e+02
6.700873244748640900e+01
1.981330738515637222e+02
1.354907977153839056e+02
1.399742748202222629e+02
2.525623046318871729e+02
1.479189793188406838e+02
2.512219533586088573e+02
1.709796180610385363e+02
2.380419472941791810e+02
2.190179547895004362e+02
2.604543328445956831e+02
1.991918552486438330e+02
1.778464099821775335e+02
2.900469178293659525e+02
1.675875053346165942e+02
2.049513656240516184e+02
2.457285477386514003e+02
2.133515784561299142e+02
1.413992430646411549e+02
2.185317264832959836e+02
1.540286013485547301e+02
2.061269025965340234e+02
1.678665488578934628e+02
1.925329407235815324e+02
2.128628712545128110e+02
1.477409338396500971e+02
1.313376645356004815e+02
1.628267462265537802e+02
1.486269657910257820e+02
1.993179828594326182e+02
1.727965602790642947e+02
1.832724569465443096e+02
1.915406832168680467e+02
1.535538727372863832e+02
2.047940768532207585e+02
2.006948299091688455e+02
1.818084684711792534e+02
1.719528353142416108e+02
1.403727441871760675e+02
1.875744941435495434e+02
1.226515100043804978e+02
1.516453590628288453e+02
1.128376885254915578e+02
1.557907204560123660e+02
1.110364372633325729e+02
2.086699792016108859e+02
1.557012575172327047e+02
1.840140114603376560e+02
2.112931674458223483e+02
1.942381739707905126e+02
2.345754835400869638e+02
1.469586753939688606e+02
1.508461399569507648e+02
1.677482415585461695e+02
2.261802832206358289e+02
1.780617691209862414e+02
1.344690019642461039e+02
1.395725901130642228e+02
1.494861693961007632e+02
1.690413620714354010e+02
1.742732985754417996e+02
1.445902946523344781e+02
1.207977860742486200e+02
1.307945959827258093e+02
1.675552947667785588e+02
7.182076423949166610e+01
1.781868643445729958e+02
1.554022170714272875e+02
1.226845721528134732e+02
1.562197372033664351e+02
1.368998961948614692e+02
1.904383942330210289e+02
1.996268579043322688e+02
1.715683224355825018e+02
1.308934222585096450e+02
2.037474483348494800e+02
1.717143937151723208e+02
1.809821145977107903e+02
1.852605590200820416e+02
1.655521409037355625e+02
1.774168143198470489e+02
1.766404271675361883e+02
1.287094808612641827e+02
1.341830258727258069e+02
1.589111269439819125e+02
1.773541016878927508e+02
1.675483609148203072e+02
1.576872068012647787e+02
1.062907234638233263e+02
1.390961844876840701e+02
1.786104844048776954e+02
1.712843156191518688e+02
1.639159358761410203e+02
1.525593839983742441e+02
1.965358823213149435e+02
2.116679259388606056e+02
1.499331993346621061e+02
1.703406887880138356e+02
2.148958889482113932e+02
1.606504633239829900e+02
1.195071576072251673e+02
1.872089122475761656e+02
1.458975117776737420e+02
1.436305991838266891e+02
1.345543714786434748e+02
1.745012718588052962e+02
1.367474077002303261e+02
1.303099608933603122e+02
7.429970234472898483e+01
9.109214292058311457e+01
1.370629824753016237e+02
1.222137167986053896e+02
1.184166486992122032e+02
6.288790744115942744e+01
1.331812914314614318e+02
6.469140704272558651e+01
1.185062702202019977e+02
8.208568202195078811e+01
1.150021268294566426e+02
1.538261156007546333e+02
1.700367279544199164e+02
1.089438682581418334e+02
1.049806867352054951e+02
1.500448636903926740e+02
4.631726199079514572e+01
7.551012303777645229e+01
6.701505750314652232e+01
1.037742017250100162e+02
6.305502836887887952e+01
1.309378446826605114e+02
1.343210709008011463e+02
1.421690906660609244e+02
9.955052351469271343e+01
5.664879748404678139e+01
8.226434951203032142e+01
9.304350044899229033e+01
5.270007439018991136e+01
4.381203644871902725e+01
5.456995480152545497e+01
-9.125598420555206758e+00
9.156377472396991379e+01
1.071855162718262591e+02
-1.229127499052970052e+01
3.545740045686056874e+01
8.507795537676554432e+01
1.008895456779625874e+02
7.008529426352617975e+01
6.563694276037142572e+01
-2.665849923430323543e+01
2.171483852952603684e+02
1.057903491005519072e+02
9.664908912603095814e+01
8.744404150161028610e+01
4.786204753746881124e+01
6.083576217660754537e+01
9.478410704880479898e+01
9.672655021972400391e+01
8.574010349838408729e+01
2.597433969007681753e+01
1.482466897683577827e+02
9.808815985847650154e+01
1.148385531561627886e+02
1.300599777252496096e+02
1.817350617534305002e+01
7.626685370894995231e+01
3.826839681779813418e+01
1.486070151328576685e+02
5.697279119848803930e+01
3.699584101583855045e+01
-3.375236406978160630e+00
1.998492326506245718e+02
1.563712275824597100e+02
5.287878667558027246e+01
2.910192200908916220e+02
1.288513985734753078e+02
1.931092788955953665e+02
2.422548551317170222e+02
2.986993577230243204e+02
2.004320129034991282e+02
2.746213441785660052e+02
1.878389921933277265e+02
2.061375361767834988e+02
3.112110512336577131e+02
2.537764655171376376e+02
2.529172322504042540e+02
2.627749423079815756e+02
4.467290901216417183e+02
4.591610463700229161e+02
3.614402249003968564e+02
4.316847461237383072e+02
5.024393851459990969e+02
5.444741418737386311e+02
5.794767252417248073e+02
6.423381887686891787e+02
6.206809841600004347e+02
7.063930124286994214e+02
6.606073497840857272e+02
7.657621052793681429e+02
8.210703908520007417e+02
7.808217594312271785e+02
8.158049106365026546e+02
8.263975216573142006e+02
9.340822332417635607e+02
8.439721373393156227e+02
1.006163235561996430e+03
9.117837087462012278e+02
9.248139089387559579e+02
8.565395721197519379e+02
8.519351368680229371e+02
8.531433519313097804e+02
9.503669532970793625e+02
8.771912342900855037e+02
8.291237152279911697e+02
8.817417993263004519e+02
8.691103824740384880e+02
7.785219567407721115e+02
7.273212530229416188e+02
7.601957685487102481e+02
7.468784517896013995e+02
6.868517152988472390e+02
6.121323843255127031e+02
4.960222483114908982e+02
4.548459095323167389e+02
4.236384316356752038e+02
4.788872418711296177e+02
4.620272573605049615e+02
4.055225994712590136e+02
3.089300173653494994e+02
2.137059907671365124e+02
2.481514489635473240e+02
1.963071661097619369e+02
1.822091279899664471e+02
1.701297162613354885e+02
1.899759876205015985e+02
1.564047872274925624e+02
1.311823541381545795e+02
1.187207323780231718e+02
1.278303660821847245e+02
1.022110467611623505e+02
3.055946500005310895e+01
4.820120146573097486e+01
6.597412062276360700e+01
2.428073766479462847e+01
6.646712721571788052e+00
3.335745920121425456e+01
1.562483163338248460e+01
-4.480870754295239067e+00
1.349268134363163085e+01
9.028612944068441948e+00
-5.210774893996719470e+01
4.093169952469045825e+01
1.369464080927042460e+01
-1.145462333171838054e+01
-1.609605745671089494e+01
3.231166890132413982e+01
-4.633086502279070373e+00
3.487706029814444264e+01
-3.734013638862003859e+01
7.027219889393421681e+00
2.586189685852409070e+01
-2.359783092965392370e+01
9.474044674558498969e+00
2.377265614775325275e+00
-2.386046283967701243e+00
2.394853026249350592e+00
7.211057067278460408e+00
3.136307352637898305e+01
7.264284460724553583e+00
-2.430337637390402961e+01
-9.757089624527168326e+00
0.000000000000000000e+00
-9.828868539200819043e+00
4.932453513228033160e+00
4.207943678143553257e+01
2.981183581261785065e+01
-4.986805141014826859e+00
5.005019130391431759e+00
-5.023280904657127621e+00
-2.520795046657898553e+00
-1.770981212342058342e+01
1.015669841477063073e+01
1.274199591861692227e+01
7.672940116894771734e+00
-1.026766788832670585e+01
-5.152419566737879819e+00
-2.585524937437668314e+00
-7.784586689699994011e+00
7.812664362167041077e+00
1.829521680638863046e+01
0.000000000000000000e+00
-7.897285846297965151e+00
1.320936726924776217e+01
-5.302678313045181113e+00
0.000000000000000000e+00
0.000000000000000000e+00
0.000000000000000000e+00
-2.689406175420343104e+00
-2.698972855072288013e+00
1.625135427952329081e+01
-2.174531613890523118e+01
-2.727789032819227799e+00
-1.368716178213582424e+01
1.922965974820588997e+01
-1.378387236221891143e+01
-2.766472782354606252e+00
-2.776188935490448984e+00
2.785922686088346367e+00
1.677404271986749507e+01
0.000000000000000000e+00
-8.445681117412934924e+00
-8.475086063107703183e+00
-1.417423339780220815e+01
2.844680759078531906e+00
1.141812267647461709e+01
-2.864396151079183994e+00
0.000000000000000000e+00
-5.768345578588338185e+00
8.682250264246350824e+00
1.742405146367836011e+01
0.000000000000000000e+00
-2.923901397981241601e+00
-8.801605586235709211e+00
-5.887698230400264521e+00
-8.861528662732737871e+00
2.963849575103708389e+00
-2.081708234234012878e+01
8.951701823328381380e+00
-5.987888813589449910e+00
-2.102800020165847528e+01
-1.808440319260999019e+01
0.000000000000000000e+00
-6.068470157765297301e+00
-1.826601141389082983e+01
0.000000000000000000e+00
1.532283297494732288e+01
3.074697241094188627e+00
-3.084837493176125989e+00
-9.284961216254957961e+00
6.210291396808802489e+00
0.000000000000000000e+00
-2.187842282231192570e+01
0.000000000000000000e+00
1.258346033319194390e+01
-6.312129500112355629e+00
0.000000000000000000e+00
-9.529457728028649655e+00
3.186706842678164620e+00
-6.393868612109258720e+00
-1.603584010262935777e+01
-1.286963083004128805e+01
9.682959266548770927e+00
-6.475807773733581740e+00
9.744479473275065473e+00
6.516841249971411898e+00
9.806058038001099320e+00
-1.311582284920876873e+01
-9.867688348492993811e+00
1.649753475345655218e+01
-1.985872765926231764e+01
3.320072155329278019e+00
-2.331251521428974627e+01
6.681298313090401564e+00
-6.701882814888191930e+00
-1.008370740498122586e+01
3.371532073063345791e+00
3.381829956810868509e+00
3.392129189405476808e+00
1.020728852624870875e+01
-3.412730654200414548e+00
3.423032366624610745e+00
6.866668776904207405e+00
0.000000000000000000e+00
-3.453938338173353273e+00
1.039271927766542447e+01
-3.474540476086946938e+00
-1.393936095922224183e+01
-2.446597162302633421e+01
0.000000000000000000e+00
7.031462701746720612e+00
-1.763012425307931252e+01
-1.060894854451261615e+01
-7.093210213111266427e+00
7.113782781897624474e+00
0.000000000000000000e+00
1.788727554775215012e+01
-2.152639251193379266e+01
-1.439202201459097985e+01
2.164965084699760922e+01
7.237081553866900663e+00
0.000000000000000000e+00
1.091717751524682356e+01
0.000000000000000000e+00
-1.097867691093504661e+01
0.000000000000000000e+00
-2.576026947110127452e+01
-2.583189100645088843e+01
1.480198445517144989e+01
-7.421432416659435205e+00
-1.116279069767442067e+01
-3.731137994427133009e+00
0.000000000000000000e+00
-3.751533976935664150e+00
0.000000000000000000e+00
0.000000000000000000e+00
0.000000000000000000e+00
-1.137672797305691041e+01
1.520960577663846003e+01
-1.525021013889879384e+01
-7.645391526664189641e+00
-1.533132386761759669e+01
3.842957985346505012e+00
0.000000000000000000e+00
3.863186841425083173e+00
-7.746576747716250821e+00
-3.883381110764571265e+00
-1.168039472120251077e+01
3.903539620703451618e+00
-1.565442045048727593e+01
-1.569464498713037237e+01
-7.867415780304449768e+00
-1.183123473809339643e+01
7.907544374759030603e+00
7.927579180282588567e+00
-7.947593999799353881e+00
7.967588597061695310e+00
7.987562741711776937e+00
1.201127431387259037e+01
1.605489756198010198e+01
-4.023680122017275096e+00
-4.033625195607239533e+00
2.021779755262280531e+01
1.621393187538564007e+01
-4.063395475439623539e+00
3.258637550344700884e+01
-4.083187266675153637e+00
0.000000000000000000e+00
-1.230880253334144925e+01
3.290232475344706842e+01
1.236790663450791250e+01
0.000000000000000000e+00
-1.242687223566720611e+01
-4.152100849308315134e+00
0.000000000000000000e+00
-4.171685719257792968e+00
-8.362920707506948048e+00
4.191223037471790036e+00
4.200973710327795985e+00
8.421424628749875296e+00
4.220438793745815431e+00
-2.538091856754529374e+01
0.000000000000000000e+00
2.549726973007235031e+01
-8.518444832795779575e+00
-8.537775005480710888e+00
1.283562050786462372e+01
-1.286454111869255357e+01
4.297808071956238152e+00
4.307423226306386965e+00
1.295107739149406001e+01
0.000000000000000000e+00
4.336193039654040682e+00
8.691515279693303953e+00
2.177654756748559706e+01
-8.729697254859644318e+00
-4.374374949323236450e+00
-4.383888447616211437e+00
8.786778182823564265e+00
1.320863055113812656e+01
8.824703389309318524e+00
-4.421813594737761477e+00
-8.862525042777432915e+00
2.664419067313110645e+01
8.900242676194467961e+00
-1.783812468004284213e+01
-1.787571164792568368e+01
8.956623068875881444e+00
4.487682007401529560e+00
-8.994078600736667539e+00
9.012766764377040829e+00
-2.257857110472230033e+01
-9.050063567651703167e+00
-1.360300811101165053e+01
1.817450778200979755e+01
4.552904473067965085e+00
0.000000000000000000e+00
-4.571419233201389432e+00
-9.161312771346006301e+00
-4.589879996744411272e+00
1.379727006524621125e+01
1.382485924175275827e+01
0.000000000000000000e+00
3.238646670909606229e+01
9.271586582318249725e+00
4.644934637178309345e+00
4.654062079877187230e+00
1.398952667033720765e+01
-9.344550004509830643e+00
9.362720694730249704e+00
-2.345215759849899229e+01
4.699488443217212819e+00
4.708531038080053577e+00
4.717559220490031180e+00
9.453145805040971794e+00
-9.471143983894688034e+00
1.897822556831134477e+01
1.426057800473364168e+01
0.000000000000000000e+00
4.771420419092279985e+00
4.780344999649770443e+00
-4.789254334304382965e+00
9.596296591716416913e+00
9.614053502793566963e+00
-4.815889562103938815e+00
-9.649473166149231673e+00
4.833567663126292047e+00
9.684765289216931805e+00
9.702362726421670303e+00
-1.457989094330869229e+01
0.000000000000000000e+00
-1.950991277864252282e+01
-1.954484031453220538e+01
9.789849542888029887e+00
0.000000000000000000e+00
9.824603483944466475e+00
0.000000000000000000e+00
0.000000000000000000e+00
-4.938232788448412514e+00
-4.946839669250630678e+00
-2.477713861982753230e+01
-9.927993367070302000e+00
-1.989018507759035970e+01
-9.962152386547856509e+00
9.979172313908286185e+00
0.000000000000000000e+00
-5.006544959940217865e+00
5.014993151231523782e+00
-5.023420085862865037e+00
-2.012730165090475509e+01
-1.512062630843821154e+01
1.009713956465238560e+01
-2.528454032898184778e+01
1.013044644504805980e+01
-5.073514843027167487e+00
-1.016356501097050291e+01
5.090025775518029150e+00
0.000000000000000000e+00
-1.021287467330474641e+01
0.000000000000000000e+00
0.000000000000000000e+00
5.130860128792651409e+00
1.541684157280359102e+01
-1.029401289930659047e+01
1.031007472419849336e+01
1.032607874173848828e+01
-3.102607142273200935e+01
-1.553686312107736001e+01
0.000000000000000000e+00
5.194746699542838186e+00
-1.040519060852475874e+01
1.042082268617005347e+01
-5.218194150666957576e+00
0.000000000000000000e+00
-3.663560130419094207e+01
0.000000000000000000e+00
-1.049795837575614854e+01
-1.051317056478390555e+01
1.052830760944717525e+01
5.271683971354129028e+00
1.055834996218468902e+01
1.057325202977051859e+01
1.588210870690085841e+01
-5.301404788009991265e+00
-5.308730798281163565e+00
-1.063202674826875693e+01
-1.064650320901832359e+01
0.000000000000000000e+00
1.601277386956944326e+01
-5.344690827510159892e+00
5.351742184743780939e+00
5.358744354389323838e+00
-1.073139261924212917e+01
1.611779101147578430e+01
0.000000000000000000e+00
-2.693120161505340349e+01
1.617894226419627657e+01
5.399665538691886368e+00
5.406293527600189108e+00
5.412863553737484068e+00
-3.251624657324441614e+01
1.627747483259827632e+01
1.086442774051870330e+01
0.000000000000000000e+00
0.000000000000000000e+00
-5.450998507625220313e+00
-5.457128367584082262e+00
2.185276071944642595e+01
1.093836518077505637e+01
0.000000000000000000e+00
5.480953685941381437e+00
-2.194691823577973366e+01
-5.492430406230184303e+00
-1.649416431026664043e+01
1.651080351675939184e+01
1.101813622796695924e+01
-5.514454076168972207e+00
5.519757519444244309e+00
5.524976884320600412e+00
5.530110591330756442e+00
5.535157041192364957e+00
-5.540114614985313324e+00
1.108996334869391909e+01
0.000000000000000000e+00
-5.554437600396278540e+00
-1.111804619026947627e+01
1.112702266410879481e+01
0.000000000000000000e+00
0.000000000000000000e+00
-1.115275017235273047e+01
0.000000000000000000e+00
5.584432407741457993e+00
0.000000000000000000e+00
0.000000000000000000e+00
0.000000000000000000e+00
5.599237322634971648e+00
-1.120530975861682421e+01
0.000000000000000000e+00
-1.121827275597378559e+01
1.122439298154602128e+01
-1.684540081462414562e+01
-5.617945774283907845e+00
5.620631041494116964e+00
-5.623187438124983117e+00
1.125122597114396683e+01
0.000000000000000000e+00
-5.630063571439300141e+00
5.632084607708436330e+00
5.633966791959178266e+00
1.127141621009249128e+01
5.637306522002804243e+00
-1.691628003857642071e+01
5.640066543484764772e+00
0.000000000000000000e+00
1.128446114392628630e+01
1.692925196607836114e+01
1.128756456960995536e+01
0.000000000000000000e+00
5.644705350908724384e+00
2.822463021655037352e+01
-1.128996692392501977e+01
0.000000000000000000e+00
5.644600365218882310e+00
1.128831161706392194e+01
-2.257415959098199920e+01
0.000000000000000000e+00
-5.641786022109632981e+00
2.256257635177274778e+01
1.127864572688302758e+01
-1.691346118782549723e+01
-1.127226949561576497e+01
0.000000000000000000e+00
1.126441248364712777e+01
2.251983838120114356e+01
2.813761096704703135e+01
0.000000000000000000e+00
0.000000000000000000e+00
1.685714141764179175e+01
-1.684748555780443979e+01
-1.683723051053865660e+01
-1.682637113015393737e+01
0.000000000000000000e+00
1.120187949176101050e+01
-5.596705632385209128e+00
-5.592263525100079846e+00
0.000000000000000000e+00
5.582749156271988866e+00
5.577673901718068095e+00
-1.114476934038255607e+01
5.566880065001992506e+00
1.112231746386235542e+01
5.555219360638549375e+00
0.000000000000000000e+00
-1.662804446938930525e+01
1.107216120299798057e+01
0.000000000000000000e+00
-2.761104657913731586e+01
-2.205974732090771084e+01
-2.202975391519771975e+01
-3.299828010987505422e+01
-1.647528178463885951e+01
1.645073823565891757e+01
-5.475169064558510712e+00
-5.466528874504778202e+00
1.637297467268906814e+01
1.634566967486075839e+01
0.000000000000000000e+00
1.628897482361394822e+01
0.000000000000000000e+00
1.081966172472555954e+01
0.000000000000000000e+00
-1.616721666514578359e+01
0.000000000000000000e+00
0.000000000000000000e+00
0.000000000000000000e+00
5.344758339981446227e+00
1.066619527508238363e+01
1.596361339466671758e+01
-1.061815832270890425e+01
2.648361070183834087e+01
-1.585240166989723143e+01
0.000000000000000000e+00
-1.577479808627630931e+01
-1.573496331256010450e+01
5.231480989952606464e+00
-5.217746552778560698e+00
0.000000000000000000e+00
0.000000000000000000e+00
-5.175187118296414646e+00
-5.160552253619371754e+00
1.543708564289257801e+01
-1.026123465220855380e+01
-2.046127996379861003e+01
1.019960937321376804e+01
5.084072966372623625e+00
-2.027250583465552580e+01
-1.515590059965551362e+01
5.035595967230277026e+00
5.019015611420782008e+00
-5.002227722714505553e+00
0.000000000000000000e+00
-4.968037400936085035e+00
1.485191751777257885e+01
-4.933041819050094645e+00
0.000000000000000000e+00
-9.794517815013762174e+00
-9.758156206041149971e+00
4.860707678140965271e+00
4.842150172461943569e+00
-1.447022456552312875e+01
-9.608968780844701740e+00
-1.914152601043566904e+01
4.766102308315512737e+00
0.000000000000000000e+00
9.454052837375026996e+00
1.412170671203607419e+01
4.687280107684804520e+00
-9.334326168636037480e+00
4.646887604580788533e+00
4.626456820145126159e+00
0.000000000000000000e+00
0.000000000000000000e+00
-4.564264833253273146e+00
-4.543245237897980182e+00
-9.044173497122869776e+00
4.500792764890714892e+00
-1.343810016375745242e+01
0.000000000000000000e+00
0.000000000000000000e+00
0.000000000000000000e+00
-4.392411739756928668e+00
-4.370377989380735073e+00
-4.348233403886614390e+00
4.325981605153955911e+00
4.303626233778953036e+00
0.000000000000000000e+00
4.258619416859500184e+00
-4.235975327779410549e+00
4.213242374925700418e+00
-4.190424261991761767e+00
0.000000000000000000e+00
0.000000000000000000e+00
4.121496085980248303e+00
4.098374470840294492e+00
0.000000000000000000e+00
0.000000000000000000e+00
8.057249950070872302e+00
4.005259284804263409e+00
3.981841826021611297e+00
3.958376279957417587e+00
0.000000000000000000e+00
-3.911315586266137068e+00
-3.887727731075397930e+00
3.864106370014869452e+00
3.840455103870488163e+00
3.816777512261836591e+00
0.000000000000000000e+00
-3.769357555697687712e+00
-3.745622229885471555e+00
-3.721874653879145622e+00
3.698118278155780647e+00
-3.674356522985047668e+00
0.000000000000000000e+00
0.000000000000000000e+00
0.000000000000000000e+00
0.000000000000000000e+00
-3.555584482572177851e+00
-3.531860418865570228e+00
0.000000000000000000e+00
0.000000000000000000e+00
-3.460806367883718870e+00
0.000000000000000000e+00
0.000000000000000000e+00
-3.389994022071576296e+00
0.000000000000000000e+00
3.342959736731816456e+00
0.000000000000000000e+00
0.000000000000000000e+00
0.000000000000000000e+00
3.249410879293832544e+00
0.000000000000000000e+00
-3.202939689248260002e+00
0.000000000000000000e+00
0.000000000000000000e+00
0.000000000000000000e+00
-3.110706426242803246e+00
0.000000000000000000e+00
0.000000000000000000e+00
-3.042227696750160693e+00
3.019546216320661891e+00
-2.996940722909982480e+00
2.974413303086084870e+00
-2.951965992132662198e+00
2.929600774049196943e+00
0.000000000000000000e+00
-2.885124296310696224e+00
0.000000000000000000e+00
-2.840998718347819807e+00
0.000000000000000000e+00
5.594476147584857451e+00
2.775498765628207298e+00
2.753855587217775902e+00
-5.464620132952475728e+00
0.000000000000000000e+00
-5.379035724878263203e+00
0.000000000000000000e+00
-2.647133392796235274e+00
2.626097358427972761e+00
0.000000000000000000e+00
2.584343872677108411e+00
0.000000000000000000e+00
-7.629068576948816904e+00
0.000000000000000000e+00
2.502142905490824187e+00
-2.481870811943640120e+00
0.000000000000000000e+00
-2.441666974571123472e+00
-2.421736933755013421e+00
-4.803845084945304045e+00
-2.382224546539988719e+00
-7.087930951739268792e+00
-2.343180518638060761e+00
0.000000000000000000e+00
2.304610003868495571e+00
-2.285503751912420611e+00
0.000000000000000000e+00
0.000000000000000000e+00
2.228907004329176100e+00
8.841134153638463999e+00
0.000000000000000000e+00
0.000000000000000000e+00
-2.155144569989324133e+00
0.000000000000000000e+00
-2.118997637892437336e+00
0.000000000000000000e+00
0.000000000000000000e+00
0.000000000000000000e+00
0.000000000000000000e+00
2.030785090127353421e+00
0.000000000000000000e+00
1.996364171661462628e+00
0.000000000000000000e+00
3.924874646234530751e+00
0.000000000000000000e+00
-1.929004146378404227e+00
0.000000000000000000e+00
-1.896063836343594877e+00
-1.879778148509916313e+00
-3.727230402830041811e+00
0.000000000000000000e+00
0.000000000000000000e+00
-1.815860636547331097e+00
-1.800186378532438791e+00
0.000000000000000000e+00
1.769202054345876629e+00
0.000000000000000000e+00
-1.738701171094718667e+00
0.000000000000000000e+00
1.708680898972810835e+00
1.693850032960764196e+00
0.000000000000000000e+00
-3.329089563618551573e+00
0.000000000000000000e+00
1.635711916103068209e+00
1.621471478207161532e+00
1.607347729958084059e+00
0.000000000000000000e+00
-1.579448304543018544e+00
0.000000000000000000e+00
0.000000000000000000e+00
-1.538461538461538325e+00
0.000000000000000000e+00
1.511705612001456478e+00
1.498496534388005674e+00
0.000000000000000000e+00
-1.472413239909616811e+00
-1.459537832794783663e+00
1.446772445396650175e+00
0.000000000000000000e+00
-2.843138526441524760e+00
0.000000000000000000e+00
-2.793597381327824092e+00
0.000000000000000000e+00
0.000000000000000000e+00
0.000000000000000000e+00
-1.348534858422787419e+00
0.000000000000000000e+00
0.000000000000000000e+00
1.313433968547799369e+00
1.301939060847384866e+00
0.000000000000000000e+00
-1.279253264992443517e+00
-1.268061010868891447e+00
0.000000000000000000e+00
