0.000000000000000000e+00
0.000000000000000000e+00
0.000000000000000000e+00
0.000000000000000000e+00
0.000000000000000000e+00
0.000000000000000000e+00
0.000000000000000000e+00
0.000000000000000000e+00
4.780919802526138795e+01
7.472913807907644923e+01
2.269998439427899370e+02
3.250535733226308253e+02
2.926006208384161482e+02
3.573122068494657242e+02
3.042957830019892072e+02
3.359020724402718088e+02
3.211364735068257232e+02
3.588550050960886892e+02
3.574783519882082032e+02
3.663817421060762740e+02
3.414467086793086992e+02
3.227157300994268212e+02
3.593065925545870414e+02
3.702819543113702139e+02
3.761446937107028816e+02
3.789494074950495701e+02
3.889102431788273293e+02
4.345780603074643977e+02
5.087554493711248824e+02
4.840261658872992143e+02
5.448938681822443186e+02
6.016509038728174801e+02
7.011180610652253336e+02
7.303431287263124432e+02
8.531209581554627448e+02
9.118064616186331932e+02
9.186614697334647417e+02
9.458640756958712927e+02
8.857323362936550666e+02
8.683082745366734798e+02
8.174105149739045828e+02
7.797522604010199530e+02
7.482184716925338535e+02
7.268650303767203695e+02
6.964001450213378348e+02
7.106255223620545394e+02
6.994938818185830769e+02
6.975207963452468221e+02
6.255046254178903382e+02
7.048102596499982155e+02
6.236737647859852132e+02
6.695209683449404565e+02
6.849226357266597915e+02
6.810395852175888649e+02
6.670068383934576559e+02
7.994489557144656828e+02
7.529296551030648743e+02
7.644159577616193246e+02
7.565859552331831992e+02
7.783140988383152035e+02
8.245451833229956264e+02
7.923253907105897724e+02
7.774388897998874199e+02
7.870574296914591059e+02
7.660656414047268754e+02
7.389371806852466307e+02
8.140639454875146157e+02
7.624117697727696168e+02
7.629375704429348843e+02
7.757815923198726296e+02
7.199509787224615138e+02
7.605320457302407249e+02
7.744891475643813692e+02
7.226950736081387276e+02
7.469700357522280001e+02
7.270243880265797998e+02
7.637496937098961780e+02
8.026232989248536569e+02
7.083799915778724881e+02
7.834873347902623664e+02
8.049585113209033125e+02
7.809204802438778188e+02
7.724025004340741134e+02
8.220056434009611621e+02
8.135491789167234629e+02
8.310963925327608877e+02
8.185020967347148826e+02
8.799182384844524449e+02
8.913951867078754958e+02
9.081437079801141863e+02
9.563418513737672129e+02
9.722026778501815443e+02
1.015396594153717501e+03
9.053753968158744101e+02
9.412717783354503354e+02
9.604325172780738740e+02
9.912638191796460205e+02
9.239918537474031837e+02
8.459759246700481299e+02
9.043634261530532967e+02
8.430987857256482130e+02
8.931874167607235222e+02
7.924048519583703865e+02
8.021193796248794570e+02
7.467996724469982155e+02
7.255155160529077421e+02
6.463882711765248814e+02
7.170854866978573909e+02
6.377172662180070120e+02
5.258429763009295357e+02
5.320937645399300209e+02
5.545577771517398560e+02
5.155050488251954448e+02
4.860714293839187690e+02
4.630513235511573953e+02
4.258366733674585589e+02
4.494392188519262277e+02
4.349765685318969304e+02
4.171924677162882062e+02
4.201384929597635391e+02
3.935064206217532501e+02
3.964319259320093352e+02
3.861717076667337096e+02
3.725716207359814121e+02
4.207707573345882111e+02
3.551900803004004956e+02
3.459021657885833179e+02
4.065652765812927782e+02
3.639611551113675318e+02
3.223077373936579875e+02
3.631861946021306267e+02
3.258513090567129211e+02
3.310063979371686855e+02
3.305650450446873378e+02
3.267458713699513169e+02
3.330764151286725223e+02
3.269916475722695282e+02
3.469639432328003750e+02
3.056654876171700721e+02
3.188529396555472886e+02
3.092765339408513228e+02
2.813617412153243436e+02
2.911540517860995578e+02
3.434997148468623323e+02
3.396644705614287432e+02
3.450475956766496779e+02
3.388924595641296946e+02
3.037307475045668639e+02
3.125644647174297575e+02
2.993139300335871553e+02
3.023476815937458468e+02
3.159295600729724924e+02
3.178497801968178464e+02
3.127280612383657399e+02
3.005137944454878038e+02
2.693422470094967025e+02
3.043368208780283339e+02
3.205111844177752118e+02
2.844078891102195712e+02
3.006178863973690909e+02
3.025600068577078900e+02
2.829344783607004956e+02
3.052787437114635622e+02
3.277380012119581352e+02
3.176981773752739286e+02
2.761219248524211025e+02
2.816871622166132738e+02
2.872830569579667781e+02
2.965712879159673321e+02
2.851080045483665799e+02
2.527302186347957900e+02
3.013687843686990391e+02
3.021664375472167876e+02
2.633985582573602073e+02
3.186590216236857032e+02
2.760012143528936122e+02
2.617868445170192899e+02
3.262459142048817284e+02
2.895330288190131114e+02
3.104345993446844432e+02
2.873429078678823885e+02
3.108841729948010766e+02
2.914704806683201923e+02
2.833871601320904006e+02
2.574189617225283087e+02
2.773115868036334177e+02
2.716867654203560960e+02
2.660311525318390977e+02
2.539002084632277274e+02
2.740138347694108916e+02
2.657268086595583441e+02
2.729925116113425361e+02
2.750862205067824107e+02
2.928831045701528524e+02
2.491522225317343100e+02
2.196329062735215416e+02
2.651255862186866352e+02
2.341576430698645197e+02
2.215826928220227785e+02
2.408723802393008100e+02
2.469300587293112414e+02
2.101843561822111326e+02
2.282720988003177638e+02
2.343478469861744884e+02
2.620751600450806222e+02
2.425460118292922687e+02
2.283346909940616172e+02
2.767481108385740640e+02
2.105910078583546863e+02
2.318145620102936277e+02
2.421619928272648963e+02
2.249699893341674510e+02
1.855195924413173429e+02
2.388722646518196484e+02
2.549440789641863319e+02
2.431665754391497956e+02
2.004728913126208170e+02
2.081375704852911781e+02
2.158507064725107227e+02
2.236127199908316072e+02
2.172262395667514738e+02
2.107987510084414566e+02
2.229052904276428535e+02
2.307889840731689333e+02
2.300946558579846908e+02
2.207390783137507810e+02
2.257966522051264349e+02
2.642854306322173557e+02
2.112431160425272196e+02
2.163180543000208047e+02
2.228921933039438557e+02
2.501059954612616707e+02
2.494534173872022222e+02
2.487959086656065608e+02
2.273317925037012230e+02
2.787717139346513591e+02
2.677330647755168229e+02
2.611220819052364845e+02
2.890975509404705122e+02
3.202810940389112488e+02
2.667864456963465045e+02
3.102703462988761771e+02
3.143689598856299767e+02
2.817447856288005141e+02
2.965270091465289397e+02
3.037003430435445921e+02
3.155618708520029827e+02
3.290551335958165851e+02
3.099327457431489847e+02
3.656915382363550862e+02
3.340153139356814904e+02
3.398844291577987065e+02
3.252658494733389603e+02
3.358951949953864755e+02
3.465963826791097517e+02
3.222711200856234086e+02
3.249910453118770874e+02
3.453997121270003277e+02
3.208097248954179577e+02
3.995812370585070994e+02
3.636407556610747633e+02
3.486240836310833515e+02
3.694654021335945799e+02
4.249026466778022950e+02
3.984115773355744636e+02
3.816436296822029135e+02
4.360474462055180425e+02
3.976585582371207011e+02
4.508302706277702327e+02
4.876200658458821522e+02
4.473133504642294156e+02
4.961597518257906927e+02
5.233340075342625823e+02
4.963086788486763794e+02
4.759090800802230774e+02
5.803265624165427425e+02
5.411758740085963382e+02
6.413986763317988107e+02
6.333234069872031569e+02
6.130283330013230625e+02
6.378966671537451703e+02
7.276591030463915786e+02
7.496004641733734388e+02
8.034078333043870543e+02
7.691864050377336071e+02
8.269918386782248945e+02
8.210904511791294453e+02
9.331191828895671279e+02
9.221636639458789659e+02
9.111195665224769300e+02
1.042755048837644608e+03
9.595009693254518197e+02
9.466249285359402847e+02
1.087121189311659464e+03
9.792423141743070119e+02
1.032526429510701064e+03
1.043704631102381654e+03
9.993328968479501100e+02
9.769545313708312051e+02
9.992261617669803400e+02
9.091761177242474332e+02
9.727345774119143016e+02
9.461070838631662809e+02
9.969841660361174718e+02
8.560835131543657326e+02
8.726137257105592653e+02
8.202625996581608661e+02
7.982916437334882858e+02
8.031786766566232245e+02
6.956961683054092873e+02
6.690997421977167505e+02
6.247273972952382337e+02
5.094750677468879303e+02
5.507030170431030456e+02
5.053706454722993158e+02
4.715832544711449827e+02
4.236167310456983728e+02
3.992420290978318462e+02
4.027316029135296276e+02
3.257981865208757881e+02
3.007699711260827371e+02
2.998644656761928786e+02
2.684434376444109489e+02
2.592379651669108966e+02
1.659572913158453105e+02
1.809717572035893909e+02
1.630693625337036394e+02
1.885402709408338353e+02
1.455722151948109513e+02
1.273292639140967282e+02
1.026626818391145974e+02
1.345906163870087369e+02
1.034306574126702571e+02
8.474843162324019374e+01
7.443175086433427623e+01
7.897878137032087409e+01
5.570581462896996072e+01
3.440848633131923151e+01
6.691532188579488150e+01
6.066525847968090090e+01
4.784346869671429658e+01
4.365637857150445456e+01
5.696505627768207347e+01
4.838102179002662950e+01
5.297615490500645308e+01
4.209584723662132433e+01
3.335745920121426877e+01
4.017813848584071224e+01
3.136609528006668413e+01
4.722438470271076483e+01
2.257153236017111197e+01
3.398331452606555558e+01
4.093169952469045825e+01
2.738928161854083143e+01
3.207294532881151383e+01
2.299436779530129371e+01
2.769571620113497801e+01
3.474814876709308464e+01
2.790164823851555553e+01
3.500637786433129861e+01
3.513609944696715104e+01
2.351081532593098800e+01
3.067718020855009442e+01
3.315915636095474639e+01
2.377265614775335578e+01
3.340464797554788845e+01
3.831764841998965920e+01
2.403685689092822386e+01
2.653798529155144692e+01
2.179285338217366075e+01
2.916405164868483268e+01
2.927126887358148366e+01
1.958585835626832861e+01
9.828868539200824372e+00
1.726358729629811961e+01
1.980208789714613360e+01
2.732751616156636487e+01
2.493402570507413785e+01
2.752760521715289599e+01
2.511640452328561679e+01
2.772874551323689829e+01
2.529973160488654216e+01
1.777422222584861089e+01
2.038719346978707136e+01
1.790352693942112694e+01
1.540150183249005700e+01
1.030483913347575964e+01
2.068419949950135006e+01
1.297431114949999476e+01
1.822955017838975778e+01
2.352242160821396055e+01
2.360704373287658342e+01
1.579457169259593030e+01
1.585124072309731069e+01
1.855937409565813567e+01
1.330412751669463489e+01
1.068132908814051518e+01
1.875901466756578984e+01
8.068218526261025758e+00
2.698972855072288457e+00
1.354279523293607213e+01
2.174531613890523474e+01
1.909452322973459815e+01
1.916202649499015465e+01
1.098837699897479325e+01
1.378387236221891143e+01
1.659883669412764107e+01
1.110475574196179238e+01
1.671553611653007110e+01
1.118269514657833064e+01
2.524897789156708328e+01
1.126090815655058108e+01
2.260022950162053945e+01
8.504540038681323466e+00
1.137872303631412940e+01
1.141812267647461887e+01
1.432198075539591287e+01
1.149710777975064602e+01
1.730503673576501455e+01
8.682250264246349047e+00
3.194409435007699827e+01
2.039763594135541780e+01
1.169560559192496640e+01
5.867737057490471919e+00
1.766309469120079712e+01
1.772305732546547929e+01
8.891548725311126944e+00
8.921606718145769221e+00
1.790340364665675921e+01
2.095761084756307469e+01
1.201600011523341394e+01
6.028134397536663691e+00
2.419316512740342517e+01
3.034235078882648295e+01
2.739901712083624119e+01
9.163337501071371349e+00
1.838739956993678604e+01
3.074697241094188627e+01
2.159386245223288725e+01
2.785488364876487211e+01
1.242058279361760675e+01
2.180719164755625172e+01
1.875293384769593530e+01
9.407019194554539609e+00
3.145865083297986420e+00
6.312129500112355629e+00
1.266508714120702450e+01
1.588242954671442142e+01
1.593353421339081954e+01
2.237854014238240552e+01
2.565734416420696817e+01
1.930444624506193207e+01
1.291061235539836183e+01
1.295161554746716170e+01
9.744479473275065473e+00
1.955052374991423747e+01
3.595554613933736476e+01
2.295268998611534528e+01
1.644614724748831946e+01
1.979704170414786546e+01
1.985872765926231764e+01
2.324050508730493192e+01
1.998215589796263814e+01
2.338454409581640547e+01
1.340376562977638208e+01
1.680617900830204192e+01
2.022919243838007830e+01
2.367280969767607957e+01
1.017638756821643042e+01
1.701214754374784732e+01
1.365092261680165997e+01
1.711516183312304662e+01
1.716667194226052118e+01
2.754909170983635391e+01
1.726969169086676814e+01
1.732119879610904079e+01
2.084724285652168874e+01
2.090904143883336275e+01
2.097083281973685587e+01
3.505435921375295294e+01
1.757865675436680064e+01
2.820819880492690146e+01
2.829052945203364544e+01
1.063981531966689786e+01
3.556891390948811793e+00
1.426869920827474658e+01
1.788727554775215012e+01
1.076319625596689633e+01
2.518603852553421518e+01
1.082482542349880461e+01
2.532978543853414877e+01
2.903041753967903560e+01
1.819529585874470001e+01
1.459724600533412797e+01
1.463823588124672703e+01
1.467920548152381777e+01
1.840019247935805424e+01
7.380540287557398216e+00
7.400992227585726724e+00
1.855358104164859157e+01
3.348837209302325846e+01
1.492455197770853204e+01
1.870669652345730682e+01
3.001227181548532386e+01
7.523443655194064661e+00
1.131570802796059105e+01
1.512830537724185653e+01
1.137672797305691041e+01
1.901200722079807548e+01
1.525021013889879207e+01
3.058156610665676212e+01
2.299698580142639415e+01
1.152887395603951148e+01
7.706153323109678155e+00
3.476868157282575567e+01
2.323973024314875246e+01
1.553352444305828506e+01
3.114771925654003226e+01
1.561415848281380470e+01
2.739523578835273909e+01
1.961830623391296413e+01
1.966853945076112353e+01
1.971872456348899405e+01
2.372263312427709181e+01
1.585515836056517180e+01
7.947593999799352993e+00
2.788656008971593536e+01
3.195025096684711130e+01
1.201127431387259037e+01
0.000000000000000000e+00
2.011840061008637548e+01
1.613450078242895103e+01
2.021779755262280176e+01
2.837438078192487367e+01
2.031697737719811414e+01
2.443978162758525841e+01
1.224956180002545736e+01
2.046533187361043460e+01
1.230880253334144925e+01
1.645116237672353421e+01
2.473581326901582500e+01
4.132468953199407657e+00
2.899603521655681959e+01
2.491260509584989080e+01
8.323798392530965984e+00
4.171685719257792968e+00
2.090730176876736834e+01
2.095611518735895729e+01
1.260292113098338795e+01
8.421424628749875296e+00
4.220438793745816319e+00
1.269045928377264687e+01
1.271956549504487555e+01
1.274863486503617516e+01
1.703688966559155560e+01
1.707555001096142178e+01
0.000000000000000000e+00
0.000000000000000000e+00
2.148904035978119609e+01
8.614846452612770378e+00
1.295107739149406001e+01
8.653231494081872199e+00
2.601715823792424587e+01
2.172878819923326077e+01
8.710619026994237402e+00
3.928363764686840653e+01
8.748749898646478229e+00
2.630333068569725441e+01
1.757355636564712853e+01
8.805753700758751634e+00
1.764940677861863705e+01
2.210906797368880916e+01
0.000000000000000000e+00
3.108488911865295989e+01
1.335036401429170283e+01
8.919062340021421065e+00
8.937855823962841839e+00
1.343493460331382217e+01
1.346304602220459223e+01
2.248519650184167062e+01
1.802553352875407455e+01
2.709428532566676395e+01
1.810012713530340633e+01
9.068672074007766426e+00
9.087253891004897000e+00
1.365871341920388637e+01
3.193518007425809913e+01
1.828567693280555417e+01
1.832262554269200905e+01
3.212915997721088246e+01
1.379727006524621125e+01
1.382485924175275827e+01
2.308734562118320000e+01
1.387991430389831393e+01
1.390737987347737636e+01
1.857973854871323738e+01
9.308124159754372684e+00
1.398952667033720765e+01
9.344550004509830643e+00
9.362720694730249704e+00
2.345215759849899229e+01
1.879795377286885127e+01
1.883412415232021786e+01
1.415267766147010242e+01
4.726572902520485897e+00
1.420671597584203205e+01
2.372278196038918097e+01
9.507052003155761710e+00
1.428744214289105408e+01
2.862852251455367991e+01
1.912137999859907822e+01
4.789254334304382077e+00
2.399074147929103873e+01
2.403513375698391741e+01
1.926355824841575526e+01
9.649473166149229897e+00
2.900140597875775583e+01
2.905429586765079719e+01
2.425590681605417487e+01
2.429981823884781988e+01
4.868729320072191058e+00
1.950991277864252638e+01
4.886210078633051346e+00
2.447462385722007383e+01
2.451811032351525199e+01
1.473690522591669883e+01
3.936770862849321873e+01
2.464803670662059787e+01
2.469116394224206346e+01
2.968103801550378051e+01
2.973256634379303875e+01
9.927993367070302000e+00
4.972546269397590812e+00
3.486753335291749778e+01
1.496875847086243105e+01
1.999230340832883357e+01
2.002617983976086435e+01
1.504497945369457312e+01
2.009368034345146015e+01
2.515912706363094742e+01
3.024125261687642308e+01
0.000000000000000000e+00
5.056908065796370089e+00
2.026089289009612315e+01
5.073514843027167487e+00
1.524534751645575348e+01
2.545012887759014930e+01
2.039297682385100074e+01
2.042574934660949637e+01
2.045841877677425202e+01
5.122745791744364396e+00
1.539258038637795600e+01
2.055578876373812136e+01
2.573503224826647440e+01
1.546511208629774181e+01
2.065215748347698010e+01
1.034202380757733764e+01
1.553686312107736001e+01
2.593433089104437528e+01
1.038949339908567637e+01
2.081038121704951394e+01
1.563123402925508110e+01
1.043638830133391515e+01
2.612971522696634707e+01
1.046731465834026942e+01
1.048267257443987965e+01
2.099591675151230064e+01
1.051317056478390377e+01
1.579246141417076643e+01
1.054336794270825450e+01
1.055834996218469080e+01
5.286626014885259295e+00
1.058807247126723894e+01
2.650702394004995455e+01
5.308730798281163565e+00
2.126405349653751031e+01
2.129300641803664718e+01
5.330444559431904317e+00
1.067518257971296158e+01
5.344690827510161668e+00
2.140696873897512376e+01
1.071748870877864768e+01
1.073139261924212917e+01
2.686298501912630954e+01
0.000000000000000000e+00
1.615872096903204280e+01
1.078596150946418497e+01
1.079933107738377096e+01
2.162517411040075643e+01
5.412863553737484068e+00
5.419374428874069949e+00
0.000000000000000000e+00
1.629664161077805318e+01
5.438539956904759443e+00
5.444801933246909087e+00
1.090199701525044063e+01
0.000000000000000000e+00
2.731595089930803510e+01
0.000000000000000000e+00
1.095020844858967912e+01
1.096190737188276465e+01
0.000000000000000000e+00
1.098486081246036861e+01
2.199221908035552175e+01
5.503601172253130613e+00
1.652720434195043708e+01
5.514454076168971319e+00
1.103951503888848862e+01
5.524976884320600412e+00
0.000000000000000000e+00
1.107031408238472991e+01
1.108022922997062665e+01
0.000000000000000000e+00
1.109951312336562523e+01
2.221775040158512482e+01
1.667706928540421529e+01
5.563511332054397407e+00
0.000000000000000000e+00
5.572189086325100682e+00
1.672912525852909482e+01
1.116091358774271036e+01
1.116886481548291421e+01
1.676490032885008219e+01
0.000000000000000000e+00
1.119140884925232982e+01
5.599237322634971648e+00
1.120530975861682599e+01
1.121191040084619317e+01
1.121827275597378559e+01
5.612196490773011526e+00
0.000000000000000000e+00
1.123589154856781569e+01
5.620631041494116964e+00
2.249274975249993958e+01
0.000000000000000000e+00
0.000000000000000000e+00
5.630063571439300141e+00
1.126416921541687266e+01
5.633966791959178266e+00
1.690712431513873781e+01
1.691191956600841095e+01
5.638760012858806903e+00
5.640066543484764772e+00
1.692367222937867055e+01
1.692669171588942945e+01
1.128616797738557587e+01
0.000000000000000000e+00
5.644323418879551468e+00
1.693411605272617138e+01
0.000000000000000000e+00
1.693495038588752877e+01
1.128975115452984745e+01
1.693380109565664782e+01
1.128831161706392372e+01
5.643539897745499800e+00
1.128550126476134885e+01
5.641786022109633869e+00
2.820322043971593473e+01
1.127864572688302758e+01
0.000000000000000000e+00
1.690840424342364656e+01
2.253705599077104083e+01
1.126441248364712600e+01
1.125991919060057178e+01
1.125504438681881147e+01
0.000000000000000000e+00
1.124413554719179942e+01
2.247618855685572825e+01
0.000000000000000000e+00
1.122482034035910381e+01
5.608790376717979420e+00
1.120993490679507154e+01
1.120187949176101050e+01
1.119341126477042359e+01
1.677679057530023599e+01
5.587611871601732894e+00
1.116549831254397596e+01
1.673302170515420428e+01
1.671715401057383232e+01
1.670064019500598462e+01
1.668347619579353136e+01
2.777609680319275753e+01
2.774530343029691437e+01
5.542681489796435379e+00
2.214432240599596113e+01
2.764628450115830915e+01
1.104441863165492599e+01
2.757468415113463323e+01
1.652231543639829070e+01
4.399770681316673659e+01
1.647528178463885951e+01
3.290147647131782804e+01
2.190067625823404640e+01
2.186611549801910570e+01
3.274594934537812918e+01
1.634566967486075839e+01
1.631767015319282876e+01
2.714829137268991488e+01
2.167944346396504685e+01
2.163932344945112263e+01
2.159827213822896397e+01
1.077814444343052536e+01
2.689171666054761900e+01
0.000000000000000000e+00
1.071237261284078457e+01
4.810282505983299473e+01
1.599929291262357722e+01
3.192722678933343872e+01
2.654539580677225885e+01
1.589016642110300381e+01
1.585240166989722965e+01
3.689920481271737174e+01
1.051653205751754250e+01
3.146992662512020544e+01
2.092592395981042941e+01
1.565323965833568032e+01
2.081514161005598851e+01
2.594799279452034213e+01
1.552556135488924305e+01
2.064220901447748702e+01
4.631125692867773580e+01
5.130617326104276898e+00
2.046127996379861003e+01
1.529941405982065206e+01
1.016814593274524547e+01
5.068126458663882339e+00
3.031180119931101657e+01
1.007119193446055405e+01
2.007606244568312448e+01
5.002227722714505553e+00
1.495570289055469182e+01
4.968037400936084147e+00
4.950639172590859616e+00
9.866083638100187514e+00
9.830495232381981197e+00
9.794517815013760398e+00
1.951631241208229994e+01
9.721415356281930542e+00
9.684300344923887138e+00
4.823408188507709582e+00
4.804484390422350870e+00
4.785381502608917259e+00
4.766102308315512737e+00
1.423994894452085802e+01
9.454052837375026996e+00
9.414471141357381612e+00
4.687280107684805408e+00
4.667163084318018740e+00
0.000000000000000000e+00
9.252913640290252317e+00
9.211747857189129363e+00
4.585142171631489738e+00
9.128529666506546292e+00
9.086490475795960364e+00
0.000000000000000000e+00
1.350237829467214468e+01
0.000000000000000000e+00
0.000000000000000000e+00
4.436132353411318618e+00
4.414331053884755107e+00
0.000000000000000000e+00
0.000000000000000000e+00
0.000000000000000000e+00
4.325981605153955911e+00
0.000000000000000000e+00
0.000000000000000000e+00
8.517238833719000368e+00
0.000000000000000000e+00
4.213242374925700418e+00
8.380848523983523535e+00
4.167524699225810814e+00
0.000000000000000000e+00
8.242992171960496606e+00
0.000000000000000000e+00
0.000000000000000000e+00
4.051935204649437239e+00
0.000000000000000000e+00
0.000000000000000000e+00
0.000000000000000000e+00
3.958376279957417587e+00
3.934866315277879334e+00
0.000000000000000000e+00
0.000000000000000000e+00
3.864106370014869452e+00
3.840455103870488163e+00
1.145033253678550977e+01
0.000000000000000000e+00
0.000000000000000000e+00
0.000000000000000000e+00
0.000000000000000000e+00
0.000000000000000000e+00
0.000000000000000000e+00
3.650592777068402572e+00
3.626830396221841557e+00
0.000000000000000000e+00
3.579322980985157443e+00
7.111168965144355703e+00
3.531860418865570228e+00
0.000000000000000000e+00
0.000000000000000000e+00
0.000000000000000000e+00
6.874342743564602287e+00
0.000000000000000000e+00
0.000000000000000000e+00
3.366457553179403650e+00
0.000000000000000000e+00
0.000000000000000000e+00
0.000000000000000000e+00
0.000000000000000000e+00
0.000000000000000000e+00
6.452295649767816776e+00
0.000000000000000000e+00
3.179789014245384848e+00
6.313396584362602759e+00
0.000000000000000000e+00
0.000000000000000000e+00
3.087810016231338661e+00
0.000000000000000000e+00
0.000000000000000000e+00
3.019546216320661891e+00
2.996940722909982480e+00
5.948826606172169740e+00
0.000000000000000000e+00
2.929600774049196943e+00
0.000000000000000000e+00
0.000000000000000000e+00
2.863016748715705440e+00
0.000000000000000000e+00
0.000000000000000000e+00
0.000000000000000000e+00
0.000000000000000000e+00
0.000000000000000000e+00
0.000000000000000000e+00
2.710863681807643477e+00
0.000000000000000000e+00
0.000000000000000000e+00
2.647133392796235274e+00
0.000000000000000000e+00
2.605167122000577873e+00
0.000000000000000000e+00
0.000000000000000000e+00
0.000000000000000000e+00
2.522527241394085795e+00
0.000000000000000000e+00
0.000000000000000000e+00
2.461711877305093221e+00
0.000000000000000000e+00
0.000000000000000000e+00
4.803845084945304045e+00
2.382224546539988719e+00
0.000000000000000000e+00
0.000000000000000000e+00
2.323835774809102972e+00
0.000000000000000000e+00
0.000000000000000000e+00
2.266517527003844013e+00
0.000000000000000000e+00
0.000000000000000000e+00
0.000000000000000000e+00
0.000000000000000000e+00
0.000000000000000000e+00
0.000000000000000000e+00
2.137009703258549997e+00
4.237995275784874671e+00
2.101108569403329795e+00
2.083342661920593031e+00
4.131400097721712683e+00
0.000000000000000000e+00
0.000000000000000000e+00
4.027025727472578254e+00
3.992728343322925255e+00
0.000000000000000000e+00
1.962437323117265375e+00
0.000000000000000000e+00
0.000000000000000000e+00
1.912472448677229764e+00
0.000000000000000000e+00
0.000000000000000000e+00
0.000000000000000000e+00
0.000000000000000000e+00
0.000000000000000000e+00
0.000000000000000000e+00
0.000000000000000000e+00
0.000000000000000000e+00
0.000000000000000000e+00
0.000000000000000000e+00
1.738701171094718667e+00
0.000000000000000000e+00
1.708680898972810835e+00
0.000000000000000000e+00
0.000000000000000000e+00
3.329089563618551573e+00
1.650069527215555887e+00
0.000000000000000000e+00
0.000000000000000000e+00
1.607347729958084059e+00
0.000000000000000000e+00
0.000000000000000000e+00
1.565671598102334805e+00
0.000000000000000000e+00
0.000000000000000000e+00
0.000000000000000000e+00
0.000000000000000000e+00
1.498496534388005674e+00
0.000000000000000000e+00
1.472413239909616811e+00
0.000000000000000000e+00
0.000000000000000000e+00
1.434116462880008047e+00
0.000000000000000000e+00
2.818260435157937227e+00
0.000000000000000000e+00
0.000000000000000000e+00
1.372455621728736253e+00
0.000000000000000000e+00
2.697069716845574838e+00
0.000000000000000000e+00
0.000000000000000000e+00
0.000000000000000000e+00
0.000000000000000000e+00
0.000000000000000000e+00
1.279253264992443517e+00
0.000000000000000000e+00
0.000000000000000000e+00
