0.000000000000000000e+00
2.101553233019926470e+00
1.048978405655594415e+00
0.000000000000000000e+00
0.000000000000000000e+00
0.000000000000000000e+00
0.000000000000000000e+00
0.000000000000000000e+00
4.157321567414033581e+01
6.019847234147825077e+01
1.834656272962274954e+02
1.915124556200213419e+02
1.985134954098088258e+02
2.117023190871111922e+02
2.166173370522634798e+02
2.246216312637400279e+02
2.274716687340015540e+02
2.364947024988549913e+02
2.455095578309820610e+02
2.534910092442600558e+02
2.491638144416577063e+02
2.602215728420775349e+02
2.467033869106993507e+02
2.741313915896332105e+02
2.749535940439648698e+02
2.849781258520723668e+02
3.378721535228132780e+02
3.213429319174912848e+02
3.711161995412614374e+02
4.116769916178292306e+02
4.705438637386857295e+02
5.120649824839715620e+02
5.973240955664547300e+02
6.764320064108604811e+02
6.639904477658130872e+02
7.705120378003612132e+02
7.916341647371338013e+02
7.609583165372798703e+02
8.054882370193445240e+02
7.464404465315263906e+02
7.920250952542180585e+02
6.822832278508924446e+02
6.984726031539528321e+02
7.410774751047567861e+02
6.852333788475262963e+02
6.608817357967107000e+02
6.659912720943258364e+02
7.036126810294847473e+02
7.026772740084093130e+02
6.692650736445948496e+02
6.114847009790929633e+02
7.162553606725083455e+02
7.316680975121587380e+02
7.277975268892442955e+02
7.666511526656511251e+02
8.014831769758256996e+02
7.376675674996242833e+02
6.840046918985461843e+02
7.280739676873835151e+02
7.446958197000110431e+02
7.348542363113472220e+02
7.811084289373382035e+02
7.509121035337494732e+02
7.564326269797292071e+02
7.609585371286952977e+02
7.481355688265567778e+02
7.915646907127340910e+02
7.910661718581891364e+02
7.414319476519259524e+02
7.358139805623097800e+02
7.589226841233925143e+02
8.272453830749986992e+02
8.186576268021377700e+02
8.306367275609901526e+02
7.171323896960094544e+02
7.888111632129746340e+02
7.503505762763892335e+02
8.242879380989178344e+02
8.199033721761381912e+02
8.558410464463552216e+02
8.453099019912312997e+02
8.927764641514889945e+02
9.216990911220025282e+02
8.780514827237540203e+02
9.070605787922088439e+02
9.621579012425580686e+02
9.257612773500783305e+02
9.654079251618518356e+02
1.032306603810408433e+03
1.052359854932077042e+03
1.130031946918674521e+03
1.088489851601658074e+03
1.196867266455983099e+03
1.181609421598443987e+03
1.168439045509145672e+03
1.244771091472240414e+03
1.221152662351095842e+03
1.213333302806589927e+03
1.145239908022077543e+03
1.210406786994074764e+03
1.102921681955564964e+03
1.117280811453366368e+03
1.009385509407373775e+03
9.491213376437816578e+02
8.225464963666223639e+02
7.351320692848313456e+02
6.806340073977977454e+02
6.313353537593991405e+02
5.894053521105821574e+02
4.968087015358475469e+02
5.073201682151964178e+02
4.693241888346436212e+02
4.420158594748530732e+02
3.669893420070121692e+02
3.231599400895665326e+02
3.128595967597654521e+02
2.829399440714305456e+02
3.117877157897807479e+02
2.784923541038049279e+02
2.855628819335892672e+02
2.597800047001546773e+02
2.251206227591742959e+02
2.552473965204621891e+02
2.458090870536208570e+02
2.418603565781491227e+02
2.257282753310956309e+02
1.995589418011057603e+02
2.543810063855629551e+02
1.970064968034007791e+02
2.018605552534674530e+02
2.134417328277137074e+02
2.071563304999721140e+02
1.885053384862519863e+02
2.001380204692324583e+02
2.005543624270735563e+02
1.750062520167601292e+02
1.810334381022945252e+02
1.791513170940603175e+02
1.829447713991240789e+02
1.810629193044000544e+02
1.871636589162347377e+02
1.704182904109078152e+02
1.524546806596505633e+02
1.757707570955516303e+02
1.715593427581453625e+02
1.904108805573484915e+02
1.931571356560056643e+02
1.808473153080627185e+02
1.568632072001970812e+02
1.409221227006383117e+02
1.634311792398626153e+02
1.544544515912309919e+02
1.747587352373647889e+02
1.669450552475486518e+02
1.449537126148823631e+02
1.535723338212042393e+02
1.634182151018206639e+02
1.602555922088876059e+02
1.499388871459735242e+02
1.717816493699251907e+02
1.399190545547502893e+02
1.642458624382032326e+02
1.454280629491617844e+02
1.650739197280818757e+02
1.582450997572657059e+02
1.731817335697202509e+02
1.554136067402004073e+02
1.533799371894229182e+02
1.440140410456137658e+02
1.394949035129347408e+02
1.312724922035104385e+02
1.303881271146208007e+02
1.701998709449629246e+02
1.607596834434592949e+02
1.723486537186471423e+02
1.454600994562547385e+02
1.408662544305865651e+02
1.524980901647339806e+02
1.717143937151722923e+02
1.558457097924731727e+02
1.751783517264721297e+02
1.617608705013599319e+02
1.685459736038546907e+02
1.410581828460180986e+02
1.478247502961053783e+02
1.495182288296088018e+02
1.512218788660472626e+02
1.490802593898228849e+02
1.495046912778396688e+02
1.628572791554045978e+02
1.594360851957349894e+02
1.767951503768694579e+02
1.668769489330244085e+02
1.503640938641409832e+02
1.442460235710040592e+02
1.499290497915057188e+02
1.279461784239433086e+02
1.547821708427917997e+02
1.605479391105673983e+02
1.730022620503265500e+02
1.655098772023491449e+02
1.432466631305515250e+02
1.436771445390235442e+02
1.494977644566975243e+02
1.513011233249949896e+02
1.788607461534445804e+02
1.576596675911378043e+02
1.635949423676299830e+02
1.709342596252878934e+02
1.522569016753999449e+02
1.541030863446231081e+02
1.642418940537786796e+02
1.689058975958262465e+02
2.097076276885160837e+02
1.420999784390546665e+02
1.663035774555104922e+02
1.794442663497584931e+02
1.504778381211226872e+02
1.707054606743385534e+02
1.726629863220345271e+02
1.845713146645600773e+02
1.566747473711389205e+02
1.600345674865128274e+02
1.705831621410378887e+02
1.711329002943760997e+02
1.788996451693143683e+02
1.954009490236671240e+02
1.989401318495262672e+02
2.010451725094397091e+02
2.294725305750220627e+02
1.979634611581080321e+02
1.868438907269425329e+02
2.081238571100326169e+02
1.984443557213766667e+02
2.288176212128757356e+02
2.579011043352656998e+02
2.108958778399322682e+02
1.920898073785647568e+02
2.258574616722425787e+02
2.583399390596878789e+02
2.076689946613606423e+02
2.068468975325841086e+02
2.579046321391818424e+02
2.373393574590439243e+02
2.120244935866372487e+02
2.312439160230034645e+02
2.289370435592962849e+02
2.623128187627028183e+02
2.600943142668637051e+02
2.437943588242367241e+02
2.289494640122511555e+02
2.140013072475028935e+02
2.226334212414601552e+02
2.582590414351320760e+02
2.607422328411651051e+02
2.137838123340274024e+02
2.337374020469657978e+02
2.136658684320513544e+02
2.192468471647077308e+02
2.119236520431758208e+02
2.191584911350227571e+02
1.922319713479805330e+02
2.092547410314163869e+02
1.935849896061029654e+02
2.008521174997524383e+02
1.784307879033676159e+02
1.972990345948921913e+02
1.930058274288954010e+02
1.820018499941739094e+02
2.211884834764826167e+02
1.732078011196076375e+02
1.991389480117119319e+02
1.947683199561171534e+02
2.124609070413854397e+02
1.893401716448199466e+02
1.746115320545349903e+02
1.855460139458044466e+02
1.896608989153168352e+02
1.782303577040489699e+02
1.458764305158955779e+02
1.533740620478950234e+02
1.381852623573676340e+02
1.983720197929536084e+02
2.043756768932212537e+02
1.538372810075467214e+02
1.650434356160405969e+02
1.745485123981663378e+02
1.590950330980296599e+02
1.471156039758016902e+02
1.422498927969874956e+02
1.644553023296805350e+02
1.650559323414293260e+02
1.729410927132967686e+02
1.461675548654332033e+02
1.852124976247284849e+02
1.619649301193256576e+02
1.459339218709525028e+02
1.687185410262773075e+02
1.805039800818487947e+02
1.326075840849637473e+02
1.593401443434248108e+02
1.486383590242576815e+02
1.378559223992238287e+02
1.592142014202164830e+02
1.731191104378828527e+02
1.718495302274624237e+02
1.897336387059764604e+02
1.635055173911964062e+02
1.756953355186363410e+02
1.744085101601304757e+02
1.711650503296484658e+02
1.542295762072619425e+02
1.822353126940791412e+02
1.789784805390085012e+02
1.934622002198645703e+02
2.021071090590621395e+02
2.108139600509109357e+02
1.996210145489159231e+02
2.264112991503922672e+02
2.031210915963484922e+02
2.220449451266382539e+02
2.512377955665399725e+02
2.155682150780875759e+02
2.102481134818253565e+02
2.110321111794082469e+02
2.200452047816370964e+02
2.208660986215985815e+02
2.175464664701928825e+02
2.038011012727353091e+02
2.463090678994002474e+02
2.095156772226828537e+02
2.145037948667951468e+02
1.815313579079518718e+02
1.716155740370614069e+02
1.743829591678688757e+02
1.835723026445296000e+02
2.142531331883459984e+02
1.161286413682023948e+02
1.230378499190422019e+02
1.906622409361399662e+02
1.283074842320974369e+02
1.440660492859647093e+02
1.358397495852418615e+02
1.517404774323562435e+02
1.368550668379333217e+02
1.041318326379580128e+02
1.200868531243713733e+02
9.821322740983285371e+01
1.075408981030857660e+02
1.056926705251145648e+02
8.802897620466734452e+01
1.178088236903605832e+02
1.273430651879258590e+02
1.164044468787985380e+02
8.705513732105981717e+01
9.427690796073530066e+01
9.462703035387784212e+01
6.486321103190709891e+01
1.116065929540622221e+02
7.001275572866259722e+01
6.324497900454087329e+01
7.993677210816535705e+01
7.551305897489254448e+01
5.684426804735099381e+01
4.041351545118070021e+01
4.772092567935412433e+01
5.029191355123642637e+01
7.932162774006314976e+01
6.513869117017173949e+01
7.022141645367068463e+01
6.318877857215046845e+01
4.390690331037222194e+01
4.651641359613728355e+01
4.177269129160350047e+01
4.192585486243828541e+01
4.702995875572207041e+01
5.713935197418421552e+01
3.241423341659637458e+01
4.004015304313148249e+01
3.265132588027130112e+01
2.520795046657899618e+01
3.035967792586384917e+01
3.808761905538987946e+01
4.077438693957414273e+01
3.069176046757907628e+01
2.566916972081676107e+01
2.060967826695151928e+01
7.756574812313006717e+00
1.556917337939999335e+01
1.562532872433407860e+01
1.829521680638863401e+01
1.573802915525105561e+01
2.369185753889389545e+01
2.906060799234507286e+01
1.060535662609036223e+01
1.862577852337248885e+01
1.602199363221077277e+01
2.411873314401315938e+01
1.882584322794239284e+01
2.429075569565059567e+01
2.166847237269771753e+01
2.174531613890523474e+01
2.455010129537305730e+01
2.189945885141732163e+01
3.845931949641177994e+01
1.378387236221891143e+01
1.659883669412764107e+01
2.498570041941403019e+01
3.064514954697179761e+01
1.956971650651207639e+01
2.805441987951897787e+01
5.630454078275290541e+00
1.412514343851283805e+01
1.700908007736264693e+01
8.534042277235597496e+00
1.427265334559327314e+01
1.432198075539591287e+01
1.149710777975064602e+01
2.884172789294169092e+01
1.736450052849269809e+01
1.161603430911890733e+01
2.331158393297761933e+01
1.754340838788744961e+01
2.053707970121665127e+01
1.766309469120079712e+01
2.953842887577580179e+00
3.260234532614079939e+01
2.379095124838871911e+01
1.790340364665675921e+01
1.496972203397362478e+01
1.802400017285012268e+01
1.507033599384165967e+01
9.072436922776285328e+00
1.213694031553059283e+01
2.435468188518776955e+01
9.163337501071371349e+00
2.758109935490518083e+01
1.537348620547094313e+01
3.393321242493739476e+01
2.166490950459489895e+01
2.173601988883081049e+01
3.115313092508036164e+01
3.125488974615989513e+00
9.407019194554539609e+00
3.145865083297986331e+01
1.262425900022471126e+01
3.482898963831931383e+01
1.905891545605730641e+01
2.549365474142530985e+01
6.393868612109258720e+00
1.924300812315522791e+01
1.286963083004128983e+01
1.291061235539836183e+01
1.295161554746716170e+01
1.948895894655013095e+01
1.629210312492853063e+01
2.941817411400329618e+01
1.311582284920877051e+01
3.289229449497663893e+01
2.969556255622179819e+01
1.985872765926231764e+01
1.992043293197565390e+01
2.331251521428974272e+01
2.004389493927120469e+01
3.015847266699686102e+01
1.344494320664163389e+01
1.011459621919003915e+01
2.367280969767607957e+01
2.374490432583833766e+01
1.360971803499827892e+01
2.388911457940290362e+01
2.738425893299687530e+01
1.716667194226052118e+01
1.721818231864772031e+01
6.907876676346706546e+00
1.039271927766542447e+01
2.084724285652168874e+01
6.969680479611120916e+00
1.747569401644738107e+01
2.804348737100236377e+01
1.406292540349343945e+01
3.173422365554276325e+01
2.475421327052943710e+01
1.773302553277816429e+01
1.422756556379524717e+01
7.134349604137373291e+00
7.154910219100860225e+00
1.076319625596689633e+01
7.196011007295489925e+00
2.525792598816387624e+01
1.809270388466724810e+01
1.088640657737963835e+01
2.547341420224258357e+01
2.554518050933472395e+01
1.097867691093504483e+01
1.834900685190477176e+01
1.840019247935805424e+01
2.952216115022959286e+01
1.480198445517145345e+01
1.484286483331887396e+01
2.976744186046511587e+01
2.984910395541706407e+01
3.367205374222314873e+01
2.250920386161399023e+01
2.257033096558219398e+01
1.508761070394745474e+01
1.134622903293139196e+01
1.516897063074254781e+01
2.281440866495769271e+01
1.525021013889879207e+01
3.058156610665676212e+01
3.449547870213959300e+01
1.921478992673252151e+01
7.706153323109678155e+00
2.704230788997558932e+01
2.323973024314875246e+01
3.106704888611657012e+01
1.946732453533751794e+01
1.171061886211035308e+01
7.827210225243639741e+00
2.746562872747815121e+01
1.180112367045667376e+01
2.760621438888459167e+01
1.976886093689757473e+01
1.189136877042387930e+01
7.947593999799352993e+00
1.593517719412339062e+01
2.396268822513533436e+01
2.802630673236937753e+01
1.605489756198010198e+01
2.011840061008637548e+01
2.016812597803618701e+01
2.426135706314736495e+01
2.432089781307846010e+01
2.031697737719811414e+01
1.629318775172350442e+01
3.674868540007636852e+01
1.227919912416626147e+01
3.282347342224386466e+01
3.701511534762795463e+01
1.649054217934388333e+01
2.892728267239585094e+01
2.485374447133441578e+01
4.982521019169978160e+01
1.664759678506193197e+01
2.085842859628896662e+01
8.362920707506948048e+00
2.095611518735895729e+01
2.520584226196677591e+01
2.105356157187468824e+01
2.954307155622071335e+01
1.692061237836352916e+01
2.543913099008975109e+01
8.499089910024116179e+00
2.555533449838733162e+01
4.268887502740355444e+01
2.994978118501745357e+01
1.286454111869255357e+01
3.008465650369367239e+01
2.584453935783831469e+01
2.590215478298812002e+01
4.326615747040936100e+01
2.601715823792424587e+01
1.738303055938660791e+01
1.742123805398847480e+01
1.309454588228947003e+01
2.624624969593943291e+01
3.068721913331346585e+01
2.636033454847069635e+01
1.761150740151750327e+01
2.647411016792795380e+01
1.768725437895104591e+01
2.215631260694357962e+01
1.776279378208740667e+01
3.560097070477787184e+01
1.337859351003213249e+01
1.787571164792568368e+01
2.686986920662764433e+01
3.590145605921224359e+01
2.248519650184167062e+01
2.253191691094259141e+01
1.354714266283338198e+01
1.810012713530340633e+01
9.068672074007766426e+00
2.726176167301469278e+01
1.821161789227184613e+01
9.124337164073743622e+00
2.285709616600694360e+01
1.832262554269200905e+01
2.753927998046647119e+01
2.299545010874368600e+01
1.382485924175275827e+01
1.385240737270992106e+01
2.313319050649718989e+01
3.708634632927300601e+01
4.180441173460478410e+01
9.308124159754372684e+00
3.730540445423255136e+01
2.336137501127457838e+01
1.872544138946049941e+01
9.380863039399596204e+00
1.409846532965163846e+01
1.412559311424016251e+01
1.887023688196013893e+01
1.890629161008194359e+01
4.735571991947344017e+00
2.846733835246701716e+01
1.426057800473364345e+01
9.524961428594036050e+00
2.385710209546139993e+01
1.912137999859907822e+01
4.789254334304382077e+00
1.439444488757462182e+01
1.922810700558713393e+01
2.407944781051969585e+01
1.447420974922384573e+01
2.900140597875775583e+01
2.905429586765079719e+01
9.702362726421670303e+00
1.457989094330869229e+01
2.921237592043314635e+01
1.950991277864252638e+01
4.886210078633051346e+00
1.468477431433204572e+01
1.961448825881220159e+01
2.456150870986116530e+01
0.000000000000000000e+00
1.478882202397235979e+01
2.469116394224206346e+01
1.978735867700251916e+01
9.910855447931012918e+00
9.927993367070302000e+00
1.491763880819277155e+01
2.490538096636964127e+01
1.995834462781657592e+01
1.499422755624662429e+01
1.001308991988043218e+01
3.008995890738914625e+01
5.023420085862865037e+00
2.515912706363094742e+01
2.016083507791761420e+01
1.514570934697857751e+01
2.022763226318548035e+01
1.519566966757209237e+01
0.000000000000000000e+00
1.016356501097050291e+01
1.527007732655408923e+01
1.529473261788825056e+01
1.531931200995712139e+01
1.022920938838712601e+01
3.073647475046618638e+01
3.078516077275591201e+01
1.027789438186906068e+01
2.058802579861318094e+01
5.155037362099247567e+00
1.032607874173849005e+01
5.171011903788668818e+00
2.071581749476981216e+01
5.186866178208875411e+00
1.558424009862851456e+01
4.162076243409902787e+01
4.168329074468021389e+01
2.087277660266783030e+01
2.612971522696634707e+01
4.186925863336107767e+01
5.241336287219939827e+00
1.049795837575615032e+01
5.256585282391951885e+00
1.052830760944717703e+01
2.108673588541650901e+01
2.111669992436938159e+01
1.585987804465577611e+01
1.588210870690085841e+01
5.301404788009991265e+00
2.654365399140581516e+01
3.189608024480626725e+01
1.596975481352748538e+01
5.330444559431904317e+00
5.337591289856480792e+00
2.672345413755081012e+01
1.605522655423134282e+01
1.607623306316797240e+01
1.609708892886319376e+01
0.000000000000000000e+00
1.075889074094935793e+01
2.154496129204272137e+01
0.000000000000000000e+00
1.079933107738377096e+01
1.621888058280056910e+01
1.623859066121245220e+01
0.000000000000000000e+00
1.085164988839885147e+01
0.000000000000000000e+00
1.631561987071427922e+01
1.633440579974072548e+01
4.905898656862698459e+01
1.637138510275224590e+01
2.185276071944642595e+01
2.734591295193763827e+01
2.190041689717935824e+01
0.000000000000000000e+00
5.486729558944933416e+00
2.196972162492073721e+01
1.649416431026664043e+01
0.000000000000000000e+00
1.101813622796695924e+01
1.102890815233794264e+01
2.207903007777697724e+01
2.209990753728240165e+01
2.212044236532302577e+01
5.535157041192364957e+00
0.000000000000000000e+00
3.326989004608175549e+01
1.109951312336562523e+01
5.554437600396281205e+00
5.559023095134738135e+00
0.000000000000000000e+00
1.670370173731163277e+01
5.572189086325100682e+00
0.000000000000000000e+00
1.116091358774271036e+01
1.116886481548291421e+01
1.676490032885008219e+01
2.236823226090813677e+01
1.119140884925232982e+01
2.239694929053988659e+01
1.120530975861682599e+01
1.681786560126928975e+01
1.682740913396067839e+01
1.683658947231903369e+01
5.615133604874714912e+00
1.123589154856781569e+01
0.000000000000000000e+00
1.686956231437495290e+01
5.625612985571983415e+00
5.627905695679905840e+00
2.252025428575720056e+01
1.126416921541687266e+01
1.126793358391835653e+01
5.635708105046245642e+00
2.254922608801121697e+01
1.691628003857642071e+01
1.692019963045429165e+01
5.641224076459556258e+00
1.128446114392628630e+01
1.692925196607836114e+01
1.128756456960995536e+01
5.644323418879551468e+00
2.822352675454362014e+01
2.257970417324029455e+01
5.644983461962508997e+00
1.128975115452984745e+01
1.128920073043776462e+01
1.128831161706392372e+01
1.128707979549099960e+01
0.000000000000000000e+00
1.692535806632890072e+01
0.000000000000000000e+00
0.000000000000000000e+00
1.127564079188366364e+01
1.690840424342364656e+01
1.126852799538552041e+01
0.000000000000000000e+00
1.125991919060057178e+01
1.688256658022821810e+01
0.000000000000000000e+00
1.686620332078770090e+01
1.685714141764179530e+01
1.123165703853629260e+01
0.000000000000000000e+00
5.608790376717979420e+00
0.000000000000000000e+00
1.680281923764151486e+01
5.596705632385211793e+00
1.118452705020015792e+01
5.587611871601732894e+00
2.233099662508795191e+01
5.577673901718068095e+00
2.228953868076510858e+01
5.566880065001995170e+00
2.224463492772471085e+01
2.777609680319275753e+01
5.549060686059382519e+00
5.542681489796435379e+00
1.660824180449696996e+01
2.764628450115830915e+01
1.104441863165492599e+01
5.514936830226926823e+00
1.101487695759885987e+01
1.649914005493752356e+01
0.000000000000000000e+00
2.193431764754522106e+01
5.475169064558511600e+00
2.186611549801910570e+01
2.728829112114844335e+01
2.179422623314767549e+01
2.175689353759043954e+01
1.085931654907596666e+01
4.335888692793009369e+01
5.409830862362780657e+00
4.319654427645792794e+01
2.155628888686105071e+01
2.151337332843809591e+01
2.683690671997808153e+01
2.142474522568156914e+01
1.068951667996288890e+01
1.599929291262357722e+01
2.128481785955562700e+01
2.123631664541780495e+01
1.589016642110300381e+01
2.113653555986297405e+01
3.162788983947203647e+01
2.629133014379385358e+01
2.097995108341346793e+01
1.046296197990521470e+01
2.087098621111423924e+01
4.163028322011197702e+01
2.075839423561627228e+01
2.587593559148207234e+01
2.064220901447748702e+01
2.058278085719010519e+01
4.104493860883421519e+01
1.534595997284895752e+01
5.099804686606884019e+00
0.000000000000000000e+00
3.040875875198329581e+01
5.051966866551835800e+00
1.510678790169083108e+01
2.007606244568312448e+01
2.000891089085802221e+01
1.495570289055469182e+01
1.987214960374433659e+01
9.901278345181719232e+00
9.866083638100187514e+00
1.474574284857297179e+01
0.000000000000000000e+00
1.463723430906172496e+01
4.860707678140965271e+00
9.684300344923887138e+00
4.823408188507709582e+00
0.000000000000000000e+00
2.392690751304458630e+01
9.532204616631025473e+00
4.746649648173619340e+00
1.418107925606254049e+01
1.412170671203607419e+01
1.874912043073922163e+01
4.667163084318018740e+00
1.394066281374236560e+01
1.387937046043537670e+01
4.605873928594564681e+00
1.834056868652595895e+01
4.564264833253273146e+00
0.000000000000000000e+00
0.000000000000000000e+00
0.000000000000000000e+00
1.343810016375745242e+01
4.457812084781724415e+00
1.330839706023395586e+01
4.414331053884755107e+00
4.392411739756928668e+00
0.000000000000000000e+00
0.000000000000000000e+00
4.325981605153955911e+00
0.000000000000000000e+00
4.281170947039123043e+00
0.000000000000000000e+00
4.235975327779410549e+00
8.426484749851400835e+00
8.380848523983523535e+00
4.167524699225810814e+00
1.243364220429478983e+01
0.000000000000000000e+00
4.098374470840294492e+00
4.075186272623243511e+00
8.103870409298874478e+00
1.208587492510630845e+01
8.010518569608526818e+00
0.000000000000000000e+00
0.000000000000000000e+00
0.000000000000000000e+00
7.822631172532274135e+00
3.887727731075397930e+00
0.000000000000000000e+00
3.840455103870488163e+00
3.816777512261836591e+00
0.000000000000000000e+00
7.538715111395375423e+00
3.745622229885471555e+00
7.443749307758291245e+00
1.109435483446734239e+01
3.674356522985047668e+00
3.650592777068402572e+00
0.000000000000000000e+00
0.000000000000000000e+00
0.000000000000000000e+00
0.000000000000000000e+00
0.000000000000000000e+00
7.016307926146115648e+00
0.000000000000000000e+00
3.460806367883718870e+00
0.000000000000000000e+00
6.827132536667964047e+00
0.000000000000000000e+00
3.366457553179403650e+00
3.342959736731816456e+00
6.639006803957710368e+00
0.000000000000000000e+00
6.545452522931642925e+00
0.000000000000000000e+00
0.000000000000000000e+00
0.000000000000000000e+00
0.000000000000000000e+00
6.313396584362602759e+00
1.253467986181870231e+01
3.110706426242803246e+00
0.000000000000000000e+00
0.000000000000000000e+00
6.084455393500321385e+00
0.000000000000000000e+00
0.000000000000000000e+00
0.000000000000000000e+00
2.951965992132662198e+00
2.929600774049196943e+00
2.907319581585438684e+00
2.885124296310696224e+00
5.726033497431410879e+00
0.000000000000000000e+00
5.638143867954139132e+00
2.797238073792428725e+00
0.000000000000000000e+00
0.000000000000000000e+00
2.732310066476237864e+00
2.710863681807643477e+00
0.000000000000000000e+00
0.000000000000000000e+00
2.647133392796235274e+00
5.252194716855945522e+00
2.605167122000577873e+00
2.584343872677108411e+00
0.000000000000000000e+00
0.000000000000000000e+00
0.000000000000000000e+00
0.000000000000000000e+00
0.000000000000000000e+00
0.000000000000000000e+00
0.000000000000000000e+00
0.000000000000000000e+00
0.000000000000000000e+00
0.000000000000000000e+00
0.000000000000000000e+00
2.343180518638060761e+00
0.000000000000000000e+00
0.000000000000000000e+00
0.000000000000000000e+00
0.000000000000000000e+00
0.000000000000000000e+00
2.228907004329176100e+00
2.210283538409616000e+00
0.000000000000000000e+00
0.000000000000000000e+00
2.155144569989324133e+00
0.000000000000000000e+00
0.000000000000000000e+00
2.101108569403329795e+00
4.166685323841186062e+00
0.000000000000000000e+00
0.000000000000000000e+00
4.061570180254706841e+00
0.000000000000000000e+00
1.996364171661462628e+00
0.000000000000000000e+00
0.000000000000000000e+00
1.945659066793955283e+00
0.000000000000000000e+00
0.000000000000000000e+00
0.000000000000000000e+00
3.759556297019832627e+00
0.000000000000000000e+00
0.000000000000000000e+00
0.000000000000000000e+00
1.815860636547331097e+00
1.800186378532438791e+00
1.784633620566002499e+00
0.000000000000000000e+00
0.000000000000000000e+00
1.738701171094718667e+00
0.000000000000000000e+00
1.708680898972810835e+00
0.000000000000000000e+00
0.000000000000000000e+00
0.000000000000000000e+00
0.000000000000000000e+00
3.271423832206136417e+00
0.000000000000000000e+00
0.000000000000000000e+00
0.000000000000000000e+00
1.579448304543018544e+00
0.000000000000000000e+00
1.552009523701294968e+00
1.538461538461538325e+00
0.000000000000000000e+00
0.000000000000000000e+00
1.498496534388005674e+00
0.000000000000000000e+00
0.000000000000000000e+00
0.000000000000000000e+00
1.446772445396650175e+00
1.434116462880008047e+00
1.421569263220762380e+00
0.000000000000000000e+00
1.396798690663912046e+00
1.384574041090684604e+00
1.372455621728736253e+00
1.360442780042286026e+00
0.000000000000000000e+00
0.000000000000000000e+00
0.000000000000000000e+00
2.626867937095598737e+00
1.301939060847384866e+00
0.000000000000000000e+00
0.000000000000000000e+00
0.000000000000000000e+00
0.000000000000000000e+00
