0.000000000000000000e+00
0.000000000000000000e+00
2.097956811311188829e+00
0.000000000000000000e+00
0.000000000000000000e+00
0.000000000000000000e+00
0.000000000000000000e+00
1.040806823454192953e+00
8.002844017272015265e+01
9.341142259884556154e+01
2.767532343960041885e+02
3.229831683970089671e+02
3.153469588541233861e+02
3.356256278210299229e+02
3.207999610631140399e+02
3.554791870916986909e+02
3.437807120233326827e+02
4.092386591067142945e+02
3.924043978721135773e+02
4.064066383025383971e+02
3.783598663743691191e+02
4.108222468884766840e+02
3.869455612126321853e+02
3.631218060235812573e+02
3.689897674716406186e+02
4.504492957016627201e+02
4.368860474554805933e+02
4.968063741073595452e+02
5.291464493459194500e+02
5.655463622472653924e+02
6.009109948178021341e+02
7.065071527711257886e+02
7.692964501673590121e+02
8.269762724992925769e+02
9.487030440513071881e+02
1.022605686051666680e+03
1.091418604528474589e+03
1.131785800564125111e+03
1.085834710433391365e+03
1.098841582513076901e+03
9.971392865892848931e+02
9.746903255012748559e+02
8.822277502046295012e+02
8.801563985148276288e+02
8.466439080871658689e+02
8.405684750225444759e+02
8.538089326697073602e+02
8.711395098460287727e+02
7.910196480528190932e+02
8.287106222974042566e+02
8.572974877514193395e+02
8.391871317950240154e+02
8.891799796154707565e+02
8.558736279898654402e+02
9.486545430199635121e+02
9.408273333789832122e+02
8.994456960960936840e+02
1.014810532474479942e+03
9.592247238622592249e+02
9.494617017242273960e+02
9.509278813848640084e+02
8.983766656576957530e+02
9.825113528573380108e+02
1.016743450029433575e+03
9.907782295501133376e+02
1.009778609290489271e+03
9.705360355121248404e+02
9.558289838493514026e+02
9.738974892499745692e+02
9.059325331714231879e+02
9.855739181656489336e+02
9.545139035480755183e+02
9.131576288922215099e+02
9.581106808005480389e+02
9.825845511616772683e+02
9.587247949755605987e+02
9.894732873974362519e+02
9.130097937641330645e+02
1.037787013900527427e+03
9.974475964018512286e+02
1.003611511544056725e+03
1.041917776028303933e+03
1.050260044214385289e+03
1.046189000692132367e+03
1.090966331880663574e+03
1.102580946288769155e+03
1.097584236588281783e+03
1.260451599914340022e+03
1.184699691936110867e+03
1.286449832593234305e+03
1.339297122273984542e+03
1.389160291841961907e+03
1.343722145775735498e+03
1.371717248540060382e+03
1.439777725744392910e+03
1.529109665666407182e+03
1.473186761057409967e+03
1.459379133575898550e+03
1.414894734010655384e+03
1.397845108339613944e+03
1.289569966594199059e+03
1.258533993889961039e+03
1.195520877317057966e+03
1.136602095696874358e+03
9.697727175061734215e+02
9.114355452034319569e+02
9.064418306068155289e+02
8.167700162388151739e+02
8.019777741832511992e+02
7.398363347546820705e+02
6.613473105820182809e+02
6.948155807115183507e+02
5.976400251579309497e+02
5.575206818100626833e+02
5.259482246424153118e+02
5.192600251776663072e+02
5.267035881945091660e+02
4.502389042698582102e+02
4.412192590507341379e+02
4.671852512859870785e+02
4.263899655205070189e+02
4.260819591734615415e+02
3.960735463248551014e+02
4.475268580438119557e+02
4.185619869548791030e+02
3.673617029898223336e+02
3.991178836022115206e+02
3.832377607118743299e+02
3.839957141083235683e+02
3.702635599124375290e+02
3.643036905855217924e+02
3.650430472594103435e+02
3.624239543515440118e+02
3.451818667643503886e+02
3.684341377171519980e+02
3.161403262238247862e+02
3.496208273350563331e+02
3.061446557936474164e+02
3.329367578878469089e+02
2.903839271863020031e+02
3.389488213300104462e+02
2.985179449479660434e+02
3.427364625356053693e+02
3.492438572356058444e+02
2.982138911030849044e+02
3.196594782690032162e+02
3.076634615838173659e+02
3.269163007491903272e+02
3.021069175707499426e+02
3.132896777394356036e+02
3.151887028197350560e+02
3.241203264452347526e+02
3.166769027791173698e+02
3.256604246730350383e+02
2.851934833561099936e+02
3.437657626305418148e+02
2.782846416588974989e+02
2.872729875151911187e+02
3.224876064806255727e+02
3.208976644479852212e+02
3.145189004093959966e+02
3.236962252431742399e+02
2.980674348048935371e+02
3.506314645319110923e+02
3.080343544893340209e+02
3.221422456611579150e+02
3.071847070724273863e+02
2.872830569579667781e+02
3.197599894402611085e+02
2.997916786023597524e+02
2.858550531160554442e+02
3.235101644447667013e+02
2.774997895841786999e+02
2.943138819964869981e+02
3.149392665074558977e+02
3.132986757519332741e+02
3.079111933128750707e+02
3.049961803294679612e+02
2.719855725269517279e+02
2.953527564615419010e+02
2.835620801327786467e+02
2.767627393734205157e+02
3.079448991408773963e+02
2.744915990517108639e+02
2.752598798617134435e+02
2.555867159480492319e+02
2.896283442688701939e+02
2.827384229806986014e+02
2.075022008252774981e+02
2.765988709464808153e+02
2.566532103150855733e+02
3.236911209105919056e+02
2.398856140912226067e+02
2.706553689554537527e+02
2.648881523758438448e+02
2.498817496525095407e+02
2.268736359682293653e+02
2.129908504759784762e+02
2.375048024858807025e+02
2.461955267639262388e+02
2.455953016550987513e+02
2.409756949859745419e+02
2.591559709909490152e+02
2.585907277088821843e+02
2.377589080821350080e+02
2.411910061766146498e+02
2.487217169756742692e+02
2.740215284657801931e+02
2.420429116294076550e+02
2.784518111721278615e+02
2.366583111720997863e+02
2.981197404673629876e+02
2.408985752596210261e+02
2.472050180699063731e+02
2.242950640067431607e+02
2.501541207103897193e+02
2.341186912532005238e+02
2.629846329780368137e+02
2.356017515092110557e+02
2.505028572049189393e+02
2.498811644689428704e+02
2.820145452680500853e+02
2.643428123661149129e+02
2.737931425961196510e+02
2.804278618269188428e+02
2.337237299792655278e+02
2.909303018796821334e+02
2.933277856467467473e+02
3.001109096880041989e+02
2.587047000750249026e+02
2.903464096985584888e+02
2.839438654354323717e+02
2.583097517323099623e+02
2.902618934432076685e+02
2.867649408706819258e+02
3.085868705052022847e+02
3.141002435913884483e+02
2.866340094477021125e+02
2.514546406617633920e+02
3.338779329367895912e+02
3.122614080309510314e+02
3.452518069110043371e+02
2.853737645563728620e+02
3.552434253580528321e+02
3.395464716133828347e+02
3.345328651799450199e+02
3.372180776751796429e+02
3.756195392933377661e+02
3.473115693503629586e+02
3.453753416676686925e+02
3.779234303215926616e+02
3.587668974443430443e+02
3.505292164227245166e+02
4.578948648757863111e+02
4.690180407813641068e+02
4.259722230834724996e+02
4.786813918633066578e+02
4.514293911985445789e+02
4.739600960766476305e+02
4.853213405568911867e+02
5.470845297222419958e+02
5.327106324643189055e+02
5.476588925431600501e+02
5.545061566683287992e+02
5.844467353476402423e+02
6.542462223123478680e+02
7.096133345093601292e+02
6.821757693607510191e+02
6.511992797956680761e+02
6.937275163580591197e+02
8.105452440742803901e+02
8.151195922852275544e+02
7.553623539167673471e+02
7.954536359629470326e+02
8.682355618667869521e+02
9.090070933427261934e+02
9.328841256719613284e+02
9.517528745568627073e+02
9.707498123492375726e+02
9.707729125998289419e+02
9.498734524557135046e+02
1.000531266688788492e+03
9.111068873676365456e+02
9.161668274523711943e+02
9.796075135423089932e+02
9.813873107061339169e+02
9.546734963818076949e+02
9.778087989283395700e+02
8.629586038092758145e+02
8.679044092170629483e+02
9.397445847410316446e+02
8.942041169706006940e+02
7.864268637067810914e+02
7.491087186853451385e+02
7.060080355002025954e+02
7.454067806628055450e+02
6.668626050052386063e+02
6.229607668662546303e+02
5.470945375676654976e+02
5.117532118208459906e+02
5.248851813665758073e+02
5.531604753560982317e+02
4.664440114055929030e+02
5.003874901778231674e+02
3.880911926299791617e+02
3.742500880509181798e+02
3.775507760108824300e+02
3.212402518156446831e+02
3.262913373917531885e+02
3.313761693042478669e+02
3.501103302197355447e+02
2.772227825497619733e+02
2.488589753994414195e+02
3.245214207575428418e+02
2.329442818973879525e+02
2.595689341836974222e+02
2.247356366580465590e+02
2.155906957128291879e+02
2.424404176743138635e+02
2.151876910971216716e+02
2.422308492290599133e+02
2.573161293302466106e+02
2.440394887676463043e+02
2.408667707850038084e+02
2.397160874562210040e+02
2.632316468415845634e+02
2.642136506875198165e+02
2.714151153104311334e+02
2.266767350890627597e+02
1.962123083266408798e+02
2.116108339949096830e+02
2.187097516288891939e+02
2.026396553391090549e+02
2.076336574769384811e+02
1.850160664342023438e+02
1.515538777646698065e+02
1.842576945419775711e+02
2.021498571965004771e+02
1.748432604112704780e+02
1.538297625734765575e+02
1.826750622965454909e+02
1.440660492859647093e+02
1.380307132882296344e+02
1.297491038914350554e+02
1.346477270502247450e+02
1.550899635033417212e+02
1.356536674182713682e+02
1.183022966527532134e+02
1.209835103659714832e+02
1.079414507490531747e+02
9.705758914873578647e+01
1.246054865955736943e+02
9.323331558401714858e+01
6.390832377659527452e+01
1.237099319825587003e+02
9.427690796073530066e+01
9.693500670397241947e+01
8.107901378988387364e+01
6.975412059628888528e+01
9.335034097155012489e+01
6.324497900454087329e+01
6.112811984742056381e+01
4.955544495227323409e+01
6.394980155326986448e+01
5.229984352505738343e+01
5.010697196332182557e+01
6.466103170873255124e+01
7.451425636187750001e+01
6.031360293534419981e+01
5.569284753222158457e+01
4.374607747302724903e+01
5.122472052876759818e+01
7.099873654147269519e+01
2.948660561760247134e+01
5.179076188889435173e+01
3.960417579429226720e+01
4.720207336997826530e+01
3.740103855761120855e+01
1.251254782597858828e+01
2.009312361862849272e+01
2.016636037326319908e+01
3.035967792586384917e+01
2.031339682954126857e+01
5.351638285819105789e+01
3.324940717321066330e+01
2.823608669289843576e+01
2.318588805032046096e+01
2.585524937437668669e+01
3.373320898869998530e+01
1.822955017838975778e+01
2.090881920730129906e+01
1.311502429604254694e+01
2.632428615432655050e+01
2.641873453849552078e+01
1.060535662609036223e+01
2.128660402671141583e+01
1.068132908814051518e+01
2.411873314401315938e+01
2.420465557878307905e+01
2.698972855072288368e+01
2.437703141928493267e+01
8.154493552089462582e+00
2.727789032819228510e+01
2.189945885141732163e+01
1.098837699897479325e+01
2.481097025199403916e+01
1.936530947648224910e+01
1.388094467745223959e+01
2.228738148870676028e+01
1.677404271986749507e+01
1.402720993975948893e+01
1.689136223482586985e+01
2.260022950162053945e+01
2.834846679560441274e+01
3.413616910894238998e+01
2.854530669118654629e+01
1.718637690647509686e+01
1.437138472468830663e+01
2.884172789294169092e+00
2.025858394990815015e+01
1.742405146367836366e+01
2.913947991622202238e+01
1.169560559192496640e+01
2.640481675870712408e+01
2.060694380640093115e+01
1.476921443788790000e+01
2.074694702572596228e+01
2.379095124838871911e+01
1.790340364665675921e+01
2.395155525435779964e+01
3.304400031689188921e+01
2.109847039137832425e+01
2.721731076832885421e+01
1.820541047329588835e+01
1.522167617824235641e+01
1.527222916845228440e+01
1.532283297494732288e+01
1.537348620547094313e+01
6.169674986352253754e+00
9.284961216254957961e+00
2.794631128563961298e+01
1.246125237003214536e+01
1.562744487307994667e+01
3.135673064851513647e+00
2.516692066638389136e+01
1.262425900022471126e+01
1.266508714120702450e+01
2.223540136540018963e+01
1.593353421339081954e+01
9.590802918163888080e+00
1.282867208210348409e+01
3.539148478261354569e+01
1.613826544424795273e+01
1.295161554746716170e+01
3.248159824425022180e+01
2.280894437489994431e+01
1.307474405066813183e+01
9.836867136906576548e+00
1.644614724748831946e+01
6.599013901382622116e+00
1.654893971605193315e+01
9.960216465987826950e+00
2.664287453061685085e+01
2.004389493927120469e+01
1.675470703722047716e+01
3.025112221494367404e+01
3.371532073063346235e+00
1.352731982724347404e+01
1.696064594702738404e+01
2.721943606999655785e+01
1.365092261680165997e+01
3.423032366624609324e+01
3.776667827297314517e+01
1.377454585491817696e+01
3.799332171990688778e+01
2.424967831455265710e+01
2.432178333260863923e+01
2.439388167863892320e+01
1.398055521315790450e+01
7.010871842750590943e+00
2.812585080698687889e+01
2.115614910369517432e+01
2.829052945203364544e+01
7.093210213111265539e+00
1.067067417284643582e+01
2.140304881241211987e+01
1.788727554775215012e+01
1.793866042661149152e+01
2.158803302188647066e+01
2.525792598816387624e+01
2.171124466160069844e+01
2.177281315475927670e+01
3.275153254574046002e+01
1.459724600533412797e+01
2.561691279218177186e+01
1.467920548152381777e+01
3.680038495871610582e+00
1.845135071889349376e+01
2.220297668275717839e+01
1.484286483331887396e+01
2.232558139534883779e+01
1.492455197770853204e+01
2.244803582814876819e+01
2.250920386161399023e+01
3.385549644837329453e+01
1.131570802796059105e+01
2.269245806586278391e+01
2.654569860379945823e+01
1.901200722079807548e+01
5.337573548614577135e+01
1.911347881666047499e+01
4.216114063594839223e+01
2.305774791207902297e+01
2.697153663088387532e+01
1.158956052427525307e+01
2.323973024314875246e+01
4.660057332917485695e+01
2.336078944240502508e+01
1.171061886211035308e+01
2.739523578835273909e+01
2.746562872747815121e+01
1.966853945076112353e+01
1.183123473809339643e+01
1.186131656213854590e+01
1.981894795070646254e+01
2.781657899929773592e+01
1.593517719412339062e+01
7.987562741711777825e+00
8.007516209248393579e+00
8.027448780990050992e+00
1.609472048806910038e+01
2.420175117364342299e+01
2.426135706314736495e+01
2.026741484423205009e+01
2.031697737719811414e+01
2.036648468965438141e+01
2.858231086672606835e+01
2.046533187361043460e+01
2.461760506668289850e+01
2.467674356508530309e+01
8.245271089671941667e+00
2.066234476599703740e+01
2.485374447133441578e+01
3.321680679446652107e+01
3.329519357012386394e+01
1.668674287703117187e+01
3.345168283002779219e+01
1.676489214988716725e+01
1.260292113098338795e+01
1.263213694312481294e+01
2.110219396872908248e+01
1.692061237836352916e+01
2.119927582507479258e+01
1.274863486503617516e+01
2.129611208198944539e+01
2.134443751370177722e+01
3.850686152359386938e+01
2.572908223738510713e+01
3.008465650369367239e+01
1.722969290522554076e+01
8.634051594329372747e+00
8.653231494081872199e+00
2.601715823792424587e+01
2.607454583907991008e+01
2.613185708098271220e+01
1.309454588228947003e+01
1.749749979729295646e+01
1.753555379046483509e+01
2.196694545705891244e+01
1.761150740151750327e+01
2.206175847327329365e+01
8.843627189475522954e+00
1.772505008555486228e+01
1.332209533656555500e+01
2.670072802858340566e+01
1.337859351003213249e+01
2.234463955990710460e+01
1.791324613775176289e+01
1.346304602220459223e+01
3.147927510257833816e+01
3.154468367531962869e+01
9.031428441888921910e+00
4.072528605443266514e+01
9.068672074007766426e+00
2.271813472751224339e+01
1.821161789227184613e+01
3.193518007425809913e+01
1.828567693280555417e+01
3.206459469971101583e+01
2.753927998046647119e+01
1.839636008699494951e+01
1.382485924175275827e+01
3.232228386965648070e+01
3.701310481039550382e+01
9.271586582318251502e+00
2.786960782306985251e+01
4.654062079877186342e+00
2.331587778389534549e+01
3.270592501578440903e+01
2.808816208419074911e+01
1.876172607879919241e+01
4.699488443217212819e+00
9.417062076160108930e+00
2.358779610245017366e+01
2.363286451260243126e+01
1.420671597584203205e+01
4.270100752870052219e+01
4.753526001577880855e+00
3.333736500007912440e+01
1.431426125727683996e+01
2.868206999789861555e+01
1.436776300291314712e+01
2.399074147929103873e+01
1.442108025419035044e+01
1.926355824841575526e+01
9.649473166149229897e+00
2.416783831563146379e+01
9.684765289216931805e+00
2.910708817926500913e+01
4.859963647769563977e+01
0.000000000000000000e+00
3.901982555728505275e+01
2.931726047179830985e+01
1.468477431433204572e+01
2.451811032351525199e+01
4.912301741972232350e+00
2.460481789280825993e+01
1.971842936529647972e+01
2.469116394224206346e+01
2.968103801550378051e+01
4.955427723965506459e+00
2.978398010121090422e+01
9.945092538795181625e+00
2.988645715964356953e+01
2.494793078477071901e+01
1.999230340832883357e+01
5.006544959940216089e+00
2.005997260492609868e+01
2.009368034345146015e+01
3.522277788908332496e+01
1.008041753895880710e+01
2.019427912930477120e+01
1.011381613159274018e+01
2.026089289009612315e+01
3.551460390119017063e+01
2.032713002194100582e+01
4.072020620414424030e+01
2.039297682385100074e+01
1.021287467330474819e+01
1.022920938838712601e+01
2.561372895872182198e+01
1.539258038637795600e+01
0.000000000000000000e+00
1.544101934895988570e+01
2.577518681049623694e+01
2.581519685434622247e+01
1.034202380757733764e+01
1.035790874738490608e+01
1.556059853462662623e+01
5.194746699542838186e+00
3.121557182557427268e+01
1.563123402925508110e+01
1.043638830133391515e+01
1.045188609078653919e+01
1.046731465834026942e+01
2.620668143609970002e+01
2.624489593939037491e+01
1.051317056478390377e+01
2.105661521889435406e+01
1.581505191406238353e+01
2.111669992436938159e+01
1.057325202977051859e+01
5.294036235633619469e+00
1.060280957601998253e+01
1.592619239484348981e+01
5.316013374134377578e+00
3.193950962705497076e+01
5.330444559431904317e+00
5.337591289856480792e+00
1.603407248253048678e+01
1.070348436948756188e+01
2.143497741755729535e+01
2.682848154810532293e+01
3.223558202295156860e+01
5.379445370474678967e+00
1.077248064602136068e+01
0.000000000000000000e+00
1.079933107738377096e+01
1.081258705520037822e+01
1.082572710747496814e+01
3.793562100211848787e+01
1.627747483259827632e+01
5.432213870259350763e+00
2.175415982761903777e+01
1.633440579974072548e+01
5.450998507625220313e+00
5.457128367584082262e+00
5.463190179861606488e+00
0.000000000000000000e+00
1.095020844858967912e+01
5.480953685941382325e+00
1.097345911788986683e+01
2.196972162492073721e+01
0.000000000000000000e+00
1.100720234450626123e+01
1.652720434195043708e+01
5.514454076168971319e+00
1.103951503888848862e+01
1.657493065296180390e+01
1.106022118266151288e+01
5.535157041192364957e+00
1.108022922997062665e+01
2.217992669738783817e+01
5.549756561682812617e+00
1.110887520079256241e+01
5.559023095134738135e+00
1.669053399616318956e+01
5.567900579103877590e+00
1.114437817265020136e+01
5.576375086176365237e+00
1.116091358774271036e+01
5.584432407741457105e+00
1.117660021923338753e+01
2.236823226090813677e+01
1.678711327387849650e+01
1.119847464526994330e+01
1.680796463792523809e+01
1.121191040084619317e+01
1.121827275597378559e+01
1.683658947231903369e+01
1.684540081462414562e+01
1.685383732285172087e+01
1.124126208298823393e+01
0.000000000000000000e+00
1.687683895671595025e+01
1.688371708703971663e+01
2.815031785719649804e+01
1.126416921541687266e+01
5.633966791959178266e+00
1.127141621009249128e+01
2.254922608801121697e+01
5.638760012858806903e+00
1.692019963045429165e+01
1.128244815291911252e+01
2.256892228785257259e+01
1.128616797738557587e+01
0.000000000000000000e+00
1.693297025663865440e+01
2.257882140363489754e+01
5.644926043310073638e+00
1.128996692392501799e+01
1.693462673179477207e+01
1.693380109565664782e+01
1.128831161706392372e+01
5.643539897745499800e+00
2.257100252952269770e+01
1.692535806632890072e+01
1.692193226382956084e+01
1.691796859032454137e+01
2.255128158376732728e+01
0.000000000000000000e+00
0.000000000000000000e+00
1.126441248364712600e+01
2.251983838120114356e+01
1.688256658022821810e+01
1.124978438590722796e+01
2.248827109438359884e+01
1.123809427842786413e+01
1.123165703853629260e+01
1.122482034035910381e+01
2.243516150687191768e+01
5.604967453397535770e+00
2.240375898352202100e+01
5.596705632385211793e+00
5.592263525100078958e+00
2.235044748640693157e+01
1.116549831254397596e+01
1.673302170515420428e+01
2.228953868076510858e+01
3.340128039001196925e+01
5.561158731931177712e+00
1.666565808191565523e+01
0.000000000000000000e+00
1.108536297959287076e+01
1.107216120299798057e+01
1.658777070069498549e+01
2.208883726330985198e+01
5.514936830226926823e+00
2.202975391519771975e+01
5.499713351645842074e+00
1.098352118975923908e+01
1.096715882377261053e+01
0.000000000000000000e+00
3.279917324702866210e+01
1.091531644845937699e+01
2.179422623314767549e+01
1.087844676879521977e+01
1.628897482361394822e+01
2.167944346396504685e+01
5.409830862362780124e+01
2.159827213822896397e+01
1.616721666514578715e+01
2.151337332843809591e+01
1.073476268799123368e+01
1.071237261284078457e+01
2.137903335992577780e+01
1.066619527508238541e+01
3.192722678933343872e+01
2.654539580677225885e+01
4.237377712294134113e+01
4.227307111972594811e+01
2.108525989298135528e+01
1.577479808627631286e+01
5.244987770853366982e+00
2.092592395981042941e+01
3.130647931667136064e+01
1.561135620754199138e+01
1.037919711780813614e+01
3.105112270977848610e+01
2.064220901447748702e+01
1.543708564289257801e+01
3.078370395662566139e+01
1.023063998189930501e+01
3.059882811964130411e+01
2.033629186549049095e+01
2.027250583465552936e+01
1.515590059965550829e+01
2.517797983615138335e+01
1.003803122284156224e+01
1.500668316814351755e+01
1.994093718740625576e+01
4.968037400936084147e+00
9.901278345181719232e+00
9.866083638100187514e+00
9.830495232381981197e+00
9.794517815013760398e+00
1.951631241208229994e+01
1.458212303442289581e+01
1.936860068984777428e+01
9.646816377015419164e+00
1.441345317126705261e+01
9.570763005217834518e+00
4.766102308315512737e+00
9.493299296347238680e+00
0.000000000000000000e+00
1.882894228271476322e+01
1.406184032305441534e+01
4.667163084318018740e+00
1.394066281374236560e+01
0.000000000000000000e+00
9.211747857189129363e+00
4.585142171631489738e+00
1.369279449975982033e+01
1.817298095159192073e+01
1.356626024568430466e+01
4.500792764890714892e+00
4.479366721252484140e+00
0.000000000000000000e+00
0.000000000000000000e+00
4.414331053884755107e+00
4.392411739756928668e+00
0.000000000000000000e+00
4.348233403886614390e+00
4.325981605153955911e+00
0.000000000000000000e+00
4.281170947039123043e+00
4.258619416859500184e+00
0.000000000000000000e+00
0.000000000000000000e+00
0.000000000000000000e+00
4.167524699225810814e+00
0.000000000000000000e+00
0.000000000000000000e+00
0.000000000000000000e+00
4.075186272623243511e+00
0.000000000000000000e+00
0.000000000000000000e+00
4.005259284804263409e+00
0.000000000000000000e+00
0.000000000000000000e+00
0.000000000000000000e+00
0.000000000000000000e+00
3.887727731075397930e+00
0.000000000000000000e+00
0.000000000000000000e+00
0.000000000000000000e+00
0.000000000000000000e+00
0.000000000000000000e+00
0.000000000000000000e+00
0.000000000000000000e+00
0.000000000000000000e+00
0.000000000000000000e+00
7.301185554136805145e+00
0.000000000000000000e+00
0.000000000000000000e+00
0.000000000000000000e+00
3.555584482572177851e+00
3.531860418865570228e+00
0.000000000000000000e+00
0.000000000000000000e+00
0.000000000000000000e+00
0.000000000000000000e+00
0.000000000000000000e+00
0.000000000000000000e+00
0.000000000000000000e+00
0.000000000000000000e+00
0.000000000000000000e+00
3.296091331676620939e+00
0.000000000000000000e+00
0.000000000000000000e+00
0.000000000000000000e+00
3.202939689248260002e+00
0.000000000000000000e+00
3.156698292181301380e+00
0.000000000000000000e+00
0.000000000000000000e+00
0.000000000000000000e+00
0.000000000000000000e+00
0.000000000000000000e+00
3.019546216320661891e+00
0.000000000000000000e+00
2.974413303086084870e+00
0.000000000000000000e+00
2.929600774049196943e+00
0.000000000000000000e+00
0.000000000000000000e+00
2.863016748715705440e+00
0.000000000000000000e+00
0.000000000000000000e+00
0.000000000000000000e+00
2.775498765628207298e+00
0.000000000000000000e+00
0.000000000000000000e+00
0.000000000000000000e+00
0.000000000000000000e+00
2.668273988778611550e+00
0.000000000000000000e+00
0.000000000000000000e+00
2.605167122000577873e+00
0.000000000000000000e+00
0.000000000000000000e+00
0.000000000000000000e+00
0.000000000000000000e+00
0.000000000000000000e+00
2.481870811943640120e+00
2.461711877305093221e+00
0.000000000000000000e+00
2.421736933755013421e+00
0.000000000000000000e+00
2.382224546539988719e+00
0.000000000000000000e+00
0.000000000000000000e+00
0.000000000000000000e+00
2.304610003868495571e+00
0.000000000000000000e+00
0.000000000000000000e+00
2.247651799824199159e+00
0.000000000000000000e+00
0.000000000000000000e+00
0.000000000000000000e+00
2.173402010518561855e+00
2.155144569989324133e+00
0.000000000000000000e+00
0.000000000000000000e+00
0.000000000000000000e+00
0.000000000000000000e+00
0.000000000000000000e+00
0.000000000000000000e+00
2.030785090127353421e+00
2.013512863736289127e+00
0.000000000000000000e+00
0.000000000000000000e+00
0.000000000000000000e+00
1.945659066793955283e+00
0.000000000000000000e+00
1.912472448677229764e+00
3.792127672687189754e+00
0.000000000000000000e+00
3.727230402830041811e+00
0.000000000000000000e+00
1.831656683649303785e+00
1.815860636547331097e+00
0.000000000000000000e+00
3.569267241132004997e+00
1.769202054345876629e+00
0.000000000000000000e+00
5.216103513284156001e+00
1.723631146331192632e+00
0.000000000000000000e+00
0.000000000000000000e+00
1.679138136343135468e+00
1.664544781809275786e+00
3.300139054431111774e+00
0.000000000000000000e+00
1.621471478207161532e+00
0.000000000000000000e+00
0.000000000000000000e+00
0.000000000000000000e+00
0.000000000000000000e+00
0.000000000000000000e+00
0.000000000000000000e+00
1.525027089026301352e+00
1.511705612001456478e+00
0.000000000000000000e+00
1.485399274005922976e+00
0.000000000000000000e+00
0.000000000000000000e+00
1.446772445396650175e+00
0.000000000000000000e+00
0.000000000000000000e+00
0.000000000000000000e+00
2.793597381327824092e+00
0.000000000000000000e+00
1.372455621728736253e+00
0.000000000000000000e+00
1.348534858422787419e+00
0.000000000000000000e+00
1.325031121525476863e+00
0.000000000000000000e+00
1.301939060847384866e+00
0.000000000000000000e+00
0.000000000000000000e+00
0.000000000000000000e+00
0.000000000000000000e+00
