0.000000000000000000e+00
-3.680000000000000000e+02
-3.100000000000000000e+02
-3.500000000000000000e+01
0.000000000000000000e+00
0.000000000000000000e+00
0.000000000000000000e+00
-1.500000000000000000e+01
2.270000000000000000e+02
3.230000000000000000e+02
1.010000000000000000e+03
1.106000000000000000e+03
1.202000000000000000e+03
1.203000000000000000e+03
1.874000000000000000e+03
2.045000000000000000e+03
2.691000000000000000e+03
2.902000000000000000e+03
3.047000000000000000e+03
2.836000000000000000e+03
2.247000000000000000e+03
2.070000000000000000e+03
1.803000000000000000e+03
1.668000000000000000e+03
1.645000000000000000e+03
1.832000000000000000e+03
1.616000000000000000e+03
1.773000000000000000e+03
2.363000000000000000e+03
3.126000000000000000e+03
4.285000000000000000e+03
6.525000000000000000e+03
8.738000000000000000e+03
1.130300000000000000e+04
1.397100000000000000e+04
1.588300000000000000e+04
1.616400000000000000e+04
1.531300000000000000e+04
1.354800000000000000e+04
1.177700000000000000e+04
9.779000000000000000e+03
8.206000000000000000e+03
7.120000000000000000e+03
6.556000000000000000e+03
5.413000000000000000e+03
4.368000000000000000e+03
3.202000000000000000e+03
2.661000000000000000e+03
1.755000000000000000e+03
1.438000000000000000e+03
1.304000000000000000e+03
1.439000000000000000e+03
1.216000000000000000e+03
1.171000000000000000e+03
1.227000000000000000e+03
1.194000000000000000e+03
1.345000000000000000e+03
1.317000000000000000e+03
1.354000000000000000e+03
1.362000000000000000e+03
1.456000000000000000e+03
1.398000000000000000e+03
1.325000000000000000e+03
1.589000000000000000e+03
1.460000000000000000e+03
1.470000000000000000e+03
1.476000000000000000e+03
1.252000000000000000e+03
1.237000000000000000e+03
1.327000000000000000e+03
1.317000000000000000e+03
1.326000000000000000e+03
1.339000000000000000e+03
1.365000000000000000e+03
1.282000000000000000e+03
1.351000000000000000e+03
1.315000000000000000e+03
1.348000000000000000e+03
1.384000000000000000e+03
1.341000000000000000e+03
1.502000000000000000e+03
1.430000000000000000e+03
1.805000000000000000e+03
1.505000000000000000e+03
1.542000000000000000e+03
1.698000000000000000e+03
1.925000000000000000e+03
1.878000000000000000e+03
1.980000000000000000e+03
1.961000000000000000e+03
1.835000000000000000e+03
2.011000000000000000e+03
2.122000000000000000e+03
2.002000000000000000e+03
2.130000000000000000e+03
2.253000000000000000e+03
2.090000000000000000e+03
2.036000000000000000e+03
1.837000000000000000e+03
2.026000000000000000e+03
1.843000000000000000e+03
1.716000000000000000e+03
1.677000000000000000e+03
1.721000000000000000e+03
1.659000000000000000e+03
1.463000000000000000e+03
1.313000000000000000e+03
1.280000000000000000e+03
1.297000000000000000e+03
1.597000000000000000e+03
1.279000000000000000e+03
1.360000000000000000e+03
1.299000000000000000e+03
1.470000000000000000e+03
1.262000000000000000e+03
1.345000000000000000e+03
1.499000000000000000e+03
1.325000000000000000e+03
1.189000000000000000e+03
1.411000000000000000e+03
1.425000000000000000e+03
1.551000000000000000e+03
1.368000000000000000e+03
1.212000000000000000e+03
1.486000000000000000e+03
1.385000000000000000e+03
1.373000000000000000e+03
1.495000000000000000e+03
1.394000000000000000e+03
1.255000000000000000e+03
1.355000000000000000e+03
1.424000000000000000e+03
1.213000000000000000e+03
1.212000000000000000e+03
1.302000000000000000e+03
1.363000000000000000e+03
1.350000000000000000e+03
1.309000000000000000e+03
1.368000000000000000e+03
1.454000000000000000e+03
1.327000000000000000e+03
1.369000000000000000e+03
1.386000000000000000e+03
1.125000000000000000e+03
1.341000000000000000e+03
1.354000000000000000e+03
1.368000000000000000e+03
1.143000000000000000e+03
1.353000000000000000e+03
1.431000000000000000e+03
1.291000000000000000e+03
1.422000000000000000e+03
1.125000000000000000e+03
1.300000000000000000e+03
1.254000000000000000e+03
1.271000000000000000e+03
1.230000000000000000e+03
1.219000000000000000e+03
1.281000000000000000e+03
1.201000000000000000e+03
1.319000000000000000e+03
1.193000000000000000e+03
1.184000000000000000e+03
1.252000000000000000e+03
1.215000000000000000e+03
1.105000000000000000e+03
1.014000000000000000e+03
1.259000000000000000e+03
1.368000000000000000e+03
1.258000000000000000e+03
1.136000000000000000e+03
1.106000000000000000e+03
1.274000000000000000e+03
1.374000000000000000e+03
1.161000000000000000e+03
1.305000000000000000e+03
1.105000000000000000e+03
1.211000000000000000e+03
1.244000000000000000e+03
1.196000000000000000e+03
1.212000000000000000e+03
9.340000000000000000e+02
1.166000000000000000e+03
1.146000000000000000e+03
1.198000000000000000e+03
1.223000000000000000e+03
1.120000000000000000e+03
1.149000000000000000e+03
1.191000000000000000e+03
1.158000000000000000e+03
1.142000000000000000e+03
1.186000000000000000e+03
1.256000000000000000e+03
1.100000000000000000e+03
1.205000000000000000e+03
1.214000000000000000e+03
1.326000000000000000e+03
1.159000000000000000e+03
1.056000000000000000e+03
1.261000000000000000e+03
1.275000000000000000e+03
1.024000000000000000e+03
1.034000000000000000e+03
1.058000000000000000e+03
1.244000000000000000e+03
1.171000000000000000e+03
1.135000000000000000e+03
1.240000000000000000e+03
1.249000000000000000e+03
1.177000000000000000e+03
1.291000000000000000e+03
1.080000000000000000e+03
1.352000000000000000e+03
1.103000000000000000e+03
1.017000000000000000e+03
1.393000000000000000e+03
1.172000000000000000e+03
1.319000000000000000e+03
1.234000000000000000e+03
1.265000000000000000e+03
1.353000000000000000e+03
1.306000000000000000e+03
1.371000000000000000e+03
1.342000000000000000e+03
1.232000000000000000e+03
1.209000000000000000e+03
1.300000000000000000e+03
1.276000000000000000e+03
1.333000000000000000e+03
1.334000000000000000e+03
1.291000000000000000e+03
1.444000000000000000e+03
1.337000000000000000e+03
1.347000000000000000e+03
1.288000000000000000e+03
1.404000000000000000e+03
1.329000000000000000e+03
1.457000000000000000e+03
1.329000000000000000e+03
1.414000000000000000e+03
1.292000000000000000e+03
1.368000000000000000e+03
1.305000000000000000e+03
1.258000000000000000e+03
1.454000000000000000e+03
1.436000000000000000e+03
1.342000000000000000e+03
1.286000000000000000e+03
1.352000000000000000e+03
1.372000000000000000e+03
1.626000000000000000e+03
1.343000000000000000e+03
1.286000000000000000e+03
1.420000000000000000e+03
1.265000000000000000e+03
1.395000000000000000e+03
1.484000000000000000e+03
1.484000000000000000e+03
1.433000000000000000e+03
1.508000000000000000e+03
1.494000000000000000e+03
1.408000000000000000e+03
1.491000000000000000e+03
1.511000000000000000e+03
1.458000000000000000e+03
1.488000000000000000e+03
1.560000000000000000e+03
1.478000000000000000e+03
1.654000000000000000e+03
1.669000000000000000e+03
1.650000000000000000e+03
1.620000000000000000e+03
1.561000000000000000e+03
1.508000000000000000e+03
1.689000000000000000e+03
1.781000000000000000e+03
1.500000000000000000e+03
1.622000000000000000e+03
1.729000000000000000e+03
1.637000000000000000e+03
1.413000000000000000e+03
1.463000000000000000e+03
1.398000000000000000e+03
1.402000000000000000e+03
1.439000000000000000e+03
1.380000000000000000e+03
1.405000000000000000e+03
1.314000000000000000e+03
1.352000000000000000e+03
1.371000000000000000e+03
1.328000000000000000e+03
1.271000000000000000e+03
1.189000000000000000e+03
1.147000000000000000e+03
1.333000000000000000e+03
1.178000000000000000e+03
1.059000000000000000e+03
1.072000000000000000e+03
1.016000000000000000e+03
9.470000000000000000e+02
8.610000000000000000e+02
9.720000000000000000e+02
9.310000000000000000e+02
8.330000000000000000e+02
7.780000000000000000e+02
7.860000000000000000e+02
7.430000000000000000e+02
6.580000000000000000e+02
6.230000000000000000e+02
6.560000000000000000e+02
4.590000000000000000e+02
4.630000000000000000e+02
3.610000000000000000e+02
4.000000000000000000e+02
4.440000000000000000e+02
2.380000000000000000e+02
2.650000000000000000e+02
2.200000000000000000e+02
1.770000000000000000e+02
2.590000000000000000e+02
2.000000000000000000e+00
-3.100000000000000000e+01
-1.060000000000000000e+02
2.100000000000000000e+01
-1.260000000000000000e+02
-1.500000000000000000e+02
-1.380000000000000000e+02
-3.170000000000000000e+02
-2.480000000000000000e+02
-3.240000000000000000e+02
-2.850000000000000000e+02
-3.710000000000000000e+02
-4.430000000000000000e+02
-5.590000000000000000e+02
-4.410000000000000000e+02
-5.610000000000000000e+02
-6.280000000000000000e+02
-7.520000000000000000e+02
-7.520000000000000000e+02
-8.840000000000000000e+02
-1.009000000000000000e+03
-1.076000000000000000e+03
-1.088000000000000000e+03
-1.200000000000000000e+03
-1.300000000000000000e+03
-1.300000000000000000e+03
-1.557000000000000000e+03
-1.632000000000000000e+03
-1.875000000000000000e+03
-2.014000000000000000e+03
-2.249000000000000000e+03
-2.163000000000000000e+03
-2.692000000000000000e+03
-2.730000000000000000e+03
-3.144000000000000000e+03
-3.295000000000000000e+03
-3.500000000000000000e+03
-3.789000000000000000e+03
-4.239000000000000000e+03
-4.520000000000000000e+03
-4.825000000000000000e+03
-4.952000000000000000e+03
-5.297000000000000000e+03
-5.747000000000000000e+03
-6.050000000000000000e+03
-6.219000000000000000e+03
-6.303000000000000000e+03
-7.022000000000000000e+03
-6.990000000000000000e+03
-7.319000000000000000e+03
-7.235000000000000000e+03
-7.267000000000000000e+03
-7.473000000000000000e+03
-7.393000000000000000e+03
-7.398000000000000000e+03
-7.649000000000000000e+03
-7.294000000000000000e+03
-7.380000000000000000e+03
-7.156000000000000000e+03
-7.037000000000000000e+03
-6.771000000000000000e+03
-6.431000000000000000e+03
-6.275000000000000000e+03
-6.189000000000000000e+03
-5.700000000000000000e+03
-5.392000000000000000e+03
-5.030000000000000000e+03
-4.652000000000000000e+03
-4.345000000000000000e+03
-3.982000000000000000e+03
-3.618000000000000000e+03
-3.379000000000000000e+03
-2.989000000000000000e+03
-2.693000000000000000e+03
-2.397000000000000000e+03
-2.209000000000000000e+03
-1.864000000000000000e+03
-1.787000000000000000e+03
-1.509000000000000000e+03
-1.440000000000000000e+03
-1.244000000000000000e+03
-1.065000000000000000e+03
-9.500000000000000000e+02
-8.120000000000000000e+02
-7.380000000000000000e+02
-6.230000000000000000e+02
-5.720000000000000000e+02
-4.690000000000000000e+02
-4.590000000000000000e+02
-4.270000000000000000e+02
-3.830000000000000000e+02
-3.870000000000000000e+02
-3.160000000000000000e+02
-3.270000000000000000e+02
-2.940000000000000000e+02
-2.940000000000000000e+02
-2.680000000000000000e+02
-2.490000000000000000e+02
-2.560000000000000000e+02
-2.480000000000000000e+02
-2.230000000000000000e+02
-2.460000000000000000e+02
-2.190000000000000000e+02
-2.250000000000000000e+02
-2.140000000000000000e+02
-2.310000000000000000e+02
-1.930000000000000000e+02
-1.820000000000000000e+02
-1.870000000000000000e+02
-2.080000000000000000e+02
-1.930000000000000000e+02
-2.000000000000000000e+02
-1.750000000000000000e+02
-1.860000000000000000e+02
-1.980000000000000000e+02
-1.860000000000000000e+02
-1.830000000000000000e+02
-1.920000000000000000e+02
-1.980000000000000000e+02
-1.680000000000000000e+02
-1.830000000000000000e+02
-1.720000000000000000e+02
-1.890000000000000000e+02
-1.750000000000000000e+02
-1.640000000000000000e+02
-1.640000000000000000e+02
-1.620000000000000000e+02
-1.840000000000000000e+02
-1.560000000000000000e+02
-1.850000000000000000e+02
-1.840000000000000000e+02
-1.740000000000000000e+02
-1.620000000000000000e+02
-1.730000000000000000e+02
-1.610000000000000000e+02
-1.800000000000000000e+02
-1.610000000000000000e+02
-1.540000000000000000e+02
-1.250000000000000000e+02
-1.410000000000000000e+02
-1.520000000000000000e+02
-1.640000000000000000e+02
-1.410000000000000000e+02
-1.710000000000000000e+02
-1.590000000000000000e+02
-1.540000000000000000e+02
-1.670000000000000000e+02
-1.350000000000000000e+02
-1.260000000000000000e+02
-1.310000000000000000e+02
-1.530000000000000000e+02
-1.540000000000000000e+02
-1.570000000000000000e+02
-1.370000000000000000e+02
-1.630000000000000000e+02
-1.470000000000000000e+02
-1.590000000000000000e+02
-1.550000000000000000e+02
-1.570000000000000000e+02
-1.570000000000000000e+02
-1.590000000000000000e+02
-1.350000000000000000e+02
-1.430000000000000000e+02
-1.350000000000000000e+02
-1.280000000000000000e+02
-1.350000000000000000e+02
-1.420000000000000000e+02
-1.350000000000000000e+02
-1.500000000000000000e+02
-1.550000000000000000e+02
-1.550000000000000000e+02
-1.380000000000000000e+02
-1.390000000000000000e+02
-1.320000000000000000e+02
-1.180000000000000000e+02
-1.400000000000000000e+02
-1.640000000000000000e+02
-1.350000000000000000e+02
-1.360000000000000000e+02
-1.300000000000000000e+02
-1.320000000000000000e+02
-1.500000000000000000e+02
-1.120000000000000000e+02
-1.570000000000000000e+02
-1.350000000000000000e+02
-1.430000000000000000e+02
-1.400000000000000000e+02
-1.210000000000000000e+02
-1.260000000000000000e+02
-1.410000000000000000e+02
-1.110000000000000000e+02
-1.560000000000000000e+02
-1.150000000000000000e+02
-1.380000000000000000e+02
-1.260000000000000000e+02
-1.230000000000000000e+02
-1.150000000000000000e+02
-1.050000000000000000e+02
-1.130000000000000000e+02
-1.410000000000000000e+02
-1.220000000000000000e+02
-1.070000000000000000e+02
-1.350000000000000000e+02
-1.210000000000000000e+02
-1.120000000000000000e+02
-1.040000000000000000e+02
-1.130000000000000000e+02
-1.140000000000000000e+02
-8.900000000000000000e+01
-1.460000000000000000e+02
-1.030000000000000000e+02
-1.170000000000000000e+02
-1.030000000000000000e+02
-1.060000000000000000e+02
-1.100000000000000000e+02
-9.800000000000000000e+01
-7.500000000000000000e+01
-1.030000000000000000e+02
-1.190000000000000000e+02
-9.500000000000000000e+01
-8.500000000000000000e+01
-8.900000000000000000e+01
-1.100000000000000000e+02
-1.220000000000000000e+02
-9.100000000000000000e+01
-9.400000000000000000e+01
-9.300000000000000000e+01
-1.070000000000000000e+02
-1.150000000000000000e+02
-1.000000000000000000e+02
-1.100000000000000000e+02
-1.030000000000000000e+02
-9.300000000000000000e+01
-8.600000000000000000e+01
-9.800000000000000000e+01
-9.000000000000000000e+01
-1.110000000000000000e+02
-1.000000000000000000e+02
-8.300000000000000000e+01
-8.800000000000000000e+01
-6.500000000000000000e+01
-9.400000000000000000e+01
-8.600000000000000000e+01
-7.900000000000000000e+01
-8.000000000000000000e+01
-9.100000000000000000e+01
-8.700000000000000000e+01
-9.600000000000000000e+01
-1.010000000000000000e+02
-9.300000000000000000e+01
-9.000000000000000000e+01
-6.500000000000000000e+01
-8.500000000000000000e+01
-8.100000000000000000e+01
-8.600000000000000000e+01
-8.800000000000000000e+01
-8.700000000000000000e+01
-8.500000000000000000e+01
-8.300000000000000000e+01
-8.500000000000000000e+01
-7.500000000000000000e+01
-1.060000000000000000e+02
-6.800000000000000000e+01
-8.200000000000000000e+01
-9.100000000000000000e+01
-8.500000000000000000e+01
-8.200000000000000000e+01
-8.200000000000000000e+01
-8.100000000000000000e+01
-7.400000000000000000e+01
-7.400000000000000000e+01
-9.100000000000000000e+01
-9.100000000000000000e+01
-7.700000000000000000e+01
-9.300000000000000000e+01
-7.800000000000000000e+01
-6.400000000000000000e+01
-8.700000000000000000e+01
-6.000000000000000000e+01
-9.500000000000000000e+01
-7.300000000000000000e+01
-8.400000000000000000e+01
-8.900000000000000000e+01
-7.800000000000000000e+01
-6.500000000000000000e+01
-9.400000000000000000e+01
-8.600000000000000000e+01
-7.500000000000000000e+01
-6.600000000000000000e+01
-6.900000000000000000e+01
-8.200000000000000000e+01
-6.900000000000000000e+01
-7.600000000000000000e+01
-7.000000000000000000e+01
-7.200000000000000000e+01
-6.200000000000000000e+01
-6.400000000000000000e+01
-8.800000000000000000e+01
-6.500000000000000000e+01
-6.400000000000000000e+01
-5.600000000000000000e+01
-7.700000000000000000e+01
-7.100000000000000000e+01
-7.800000000000000000e+01
-6.200000000000000000e+01
-6.300000000000000000e+01
-8.100000000000000000e+01
-5.000000000000000000e+01
-6.800000000000000000e+01
-6.400000000000000000e+01
-5.500000000000000000e+01
-6.900000000000000000e+01
-5.600000000000000000e+01
-5.600000000000000000e+01
-6.100000000000000000e+01
-6.200000000000000000e+01
-6.600000000000000000e+01
-4.800000000000000000e+01
-5.400000000000000000e+01
-4.700000000000000000e+01
-5.400000000000000000e+01
-5.900000000000000000e+01
-5.400000000000000000e+01
-4.700000000000000000e+01
-5.200000000000000000e+01
-7.500000000000000000e+01
-4.300000000000000000e+01
-4.500000000000000000e+01
-4.400000000000000000e+01
-4.800000000000000000e+01
-4.800000000000000000e+01
-4.200000000000000000e+01
-4.700000000000000000e+01
-4.100000000000000000e+01
-4.400000000000000000e+01
-4.800000000000000000e+01
-4.100000000000000000e+01
-3.500000000000000000e+01
-4.000000000000000000e+01
-4.000000000000000000e+01
-4.700000000000000000e+01
-3.800000000000000000e+01
-4.400000000000000000e+01
-3.800000000000000000e+01
-3.000000000000000000e+01
-4.900000000000000000e+01
-5.200000000000000000e+01
-3.600000000000000000e+01
-3.400000000000000000e+01
-4.500000000000000000e+01
-3.600000000000000000e+01
-4.600000000000000000e+01
-2.800000000000000000e+01
-5.300000000000000000e+01
-4.000000000000000000e+01
-4.400000000000000000e+01
-3.800000000000000000e+01
-3.600000000000000000e+01
-2.900000000000000000e+01
-3.500000000000000000e+01
-2.900000000000000000e+01
-4.500000000000000000e+01
-3.400000000000000000e+01
-3.600000000000000000e+01
-3.400000000000000000e+01
-3.800000000000000000e+01
-4.100000000000000000e+01
-4.500000000000000000e+01
-4.700000000000000000e+01
-3.700000000000000000e+01
-2.900000000000000000e+01
-4.700000000000000000e+01
-5.500000000000000000e+01
-4.200000000000000000e+01
-3.700000000000000000e+01
-3.900000000000000000e+01
-4.700000000000000000e+01
-4.200000000000000000e+01
-4.500000000000000000e+01
-4.300000000000000000e+01
-4.700000000000000000e+01
-4.900000000000000000e+01
-5.000000000000000000e+01
-4.200000000000000000e+01
-4.600000000000000000e+01
-5.300000000000000000e+01
-4.700000000000000000e+01
-3.700000000000000000e+01
-4.900000000000000000e+01
-4.500000000000000000e+01
-4.700000000000000000e+01
-5.400000000000000000e+01
-5.000000000000000000e+01
-6.900000000000000000e+01
-5.300000000000000000e+01
-6.700000000000000000e+01
-5.100000000000000000e+01
-6.000000000000000000e+01
-4.800000000000000000e+01
-6.800000000000000000e+01
-5.400000000000000000e+01
-6.400000000000000000e+01
-5.500000000000000000e+01
-5.700000000000000000e+01
-7.000000000000000000e+01
-7.200000000000000000e+01
-7.000000000000000000e+01
-6.900000000000000000e+01
-5.300000000000000000e+01
-7.300000000000000000e+01
-6.700000000000000000e+01
-7.400000000000000000e+01
-4.900000000000000000e+01
-6.200000000000000000e+01
-7.300000000000000000e+01
-7.600000000000000000e+01
-7.700000000000000000e+01
-7.000000000000000000e+01
-6.700000000000000000e+01
-6.200000000000000000e+01
-5.600000000000000000e+01
-6.800000000000000000e+01
-7.500000000000000000e+01
-5.600000000000000000e+01
-6.400000000000000000e+01
-6.500000000000000000e+01
-7.000000000000000000e+01
-6.600000000000000000e+01
-6.600000000000000000e+01
-6.500000000000000000e+01
-8.100000000000000000e+01
-5.100000000000000000e+01
-6.500000000000000000e+01
-7.800000000000000000e+01
-7.800000000000000000e+01
-8.800000000000000000e+01
-6.700000000000000000e+01
-6.500000000000000000e+01
-6.300000000000000000e+01
-6.200000000000000000e+01
-5.800000000000000000e+01
-6.800000000000000000e+01
-4.900000000000000000e+01
-5.100000000000000000e+01
-7.100000000000000000e+01
-5.100000000000000000e+01
-5.300000000000000000e+01
-5.700000000000000000e+01
-5.000000000000000000e+01
-6.600000000000000000e+01
-5.600000000000000000e+01
-5.700000000000000000e+01
-6.000000000000000000e+01
-5.200000000000000000e+01
-4.300000000000000000e+01
-5.000000000000000000e+01
-3.500000000000000000e+01
-3.700000000000000000e+01
-3.900000000000000000e+01
-3.800000000000000000e+01
-3.400000000000000000e+01
-3.500000000000000000e+01
-3.100000000000000000e+01
-3.100000000000000000e+01
-2.600000000000000000e+01
-3.500000000000000000e+01
-2.300000000000000000e+01
-2.800000000000000000e+01
-2.100000000000000000e+01
-2.100000000000000000e+01
-1.500000000000000000e+01
-1.400000000000000000e+01
-7.000000000000000000e+00
-7.000000000000000000e+00
-8.000000000000000000e+00
-1.200000000000000000e+01
-8.000000000000000000e+00
-8.000000000000000000e+00
-6.000000000000000000e+00
-1.100000000000000000e+01
-8.000000000000000000e+00
-5.000000000000000000e+00
-1.300000000000000000e+01
-6.000000000000000000e+00
-5.000000000000000000e+00
-1.000000000000000000e+00
1.000000000000000000e+00
2.000000000000000000e+00
-5.000000000000000000e+00
0.000000000000000000e+00
3.000000000000000000e+00
-3.000000000000000000e+00
-2.000000000000000000e+00
3.000000000000000000e+00
-8.000000000000000000e+00
4.000000000000000000e+00
0.000000000000000000e+00
3.000000000000000000e+00
1.000000000000000000e+00
0.000000000000000000e+00
-2.000000000000000000e+00
0.000000000000000000e+00
4.000000000000000000e+00
3.000000000000000000e+00
-3.000000000000000000e+00
1.000000000000000000e+00
-1.000000000000000000e+00
3.000000000000000000e+00
0.000000000000000000e+00
1.000000000000000000e+00
-3.000000000000000000e+00
-1.000000000000000000e+00
-1.000000000000000000e+00
-5.000000000000000000e+00
-1.000000000000000000e+00
0.000000000000000000e+00
-3.000000000000000000e+00
1.000000000000000000e+00
2.000000000000000000e+00
-5.000000000000000000e+00
-3.000000000000000000e+00
0.000000000000000000e+00
1.000000000000000000e+00
-5.000000000000000000e+00
1.000000000000000000e+00
-2.000000000000000000e+00
-1.000000000000000000e+00
0.000000000000000000e+00
0.000000000000000000e+00
0.000000000000000000e+00
1.000000000000000000e+00
-1.000000000000000000e+00
0.000000000000000000e+00
-4.000000000000000000e+00
-1.000000000000000000e+00
-2.000000000000000000e+00
-6.000000000000000000e+00
-6.000000000000000000e+00
-1.000000000000000000e+00
-2.000000000000000000e+00
-3.000000000000000000e+00
0.000000000000000000e+00
2.000000000000000000e+00
-1.000000000000000000e+00
-2.000000000000000000e+00
-3.000000000000000000e+00
-7.000000000000000000e+00
-3.000000000000000000e+00
-3.000000000000000000e+00
-2.000000000000000000e+00
0.000000000000000000e+00
-2.000000000000000000e+00
-2.000000000000000000e+00
1.000000000000000000e+00
-1.000000000000000000e+00
0.000000000000000000e+00
-1.000000000000000000e+00
-1.000000000000000000e+00
-2.000000000000000000e+00
-2.000000000000000000e+00
-2.000000000000000000e+00
-1.000000000000000000e+00
1.000000000000000000e+00
-1.000000000000000000e+00
-5.000000000000000000e+00
-2.000000000000000000e+00
-2.000000000000000000e+00
-1.000000000000000000e+00
1.000000000000000000e+00
-3.000000000000000000e+00
-3.000000000000000000e+00
-1.000000000000000000e+00
0.000000000000000000e+00
-1.000000000000000000e+00
-2.000000000000000000e+00
-1.000000000000000000e+00
-2.000000000000000000e+00
-4.000000000000000000e+00
0.000000000000000000e+00
0.000000000000000000e+00
0.000000000000000000e+00
-2.000000000000000000e+00
-2.000000000000000000e+00
-3.000000000000000000e+00
-1.000000000000000000e+00
-1.000000000000000000e+00
-1.000000000000000000e+00
1.000000000000000000e+00
-3.000000000000000000e+00
-1.000000000000000000e+00
-1.000000000000000000e+00
-3.000000000000000000e+00
0.000000000000000000e+00
-1.000000000000000000e+00
-2.000000000000000000e+00
0.000000000000000000e+00
-2.000000000000000000e+00
-3.000000000000000000e+00
-1.000000000000000000e+00
2.000000000000000000e+00
-3.000000000000000000e+00
-3.000000000000000000e+00
-3.000000000000000000e+00
-2.000000000000000000e+00
-2.000000000000000000e+00
-1.000000000000000000e+00
-2.000000000000000000e+00
0.000000000000000000e+00
-1.000000000000000000e+00
-3.000000000000000000e+00
0.000000000000000000e+00
0.000000000000000000e+00
0.000000000000000000e+00
0.000000000000000000e+00
0.000000000000000000e+00
-3.000000000000000000e+00
-2.000000000000000000e+00
1.000000000000000000e+00
-3.000000000000000000e+00
0.000000000000000000e+00
-2.000000000000000000e+00
0.000000000000000000e+00
1.000000000000000000e+00
-1.000000000000000000e+00
-1.000000000000000000e+00
1.000000000000000000e+00
0.000000000000000000e+00
-1.000000000000000000e+00
-2.000000000000000000e+00
0.000000000000000000e+00
0.000000000000000000e+00
1.000000000000000000e+00
-2.000000000000000000e+00
-1.000000000000000000e+00
1.000000000000000000e+00
0.000000000000000000e+00
-3.000000000000000000e+00
1.000000000000000000e+00
1.000000000000000000e+00
0.000000000000000000e+00
0.000000000000000000e+00
3.000000000000000000e+00
-1.000000000000000000e+00
0.000000000000000000e+00
3.000000000000000000e+00
-1.000000000000000000e+00
0.000000000000000000e+00
-2.000000000000000000e+00
0.000000000000000000e+00
-1.000000000000000000e+00
-1.000000000000000000e+00
-2.000000000000000000e+00
-3.000000000000000000e+00
0.000000000000000000e+00
-2.000000000000000000e+00
-1.000000000000000000e+00
0.000000000000000000e+00
0.000000000000000000e+00
0.000000000000000000e+00
-1.000000000000000000e+00
-1.000000000000000000e+00
-2.000000000000000000e+00
-1.000000000000000000e+00
-3.000000000000000000e+00
0.000000000000000000e+00
1.000000000000000000e+00
0.000000000000000000e+00
-1.000000000000000000e+00
-3.000000000000000000e+00
0.000000000000000000e+00
1.000000000000000000e+00
-1.000000000000000000e+00
-2.000000000000000000e+00
0.000000000000000000e+00
1.000000000000000000e+00
-1.000000000000000000e+00
0.000000000000000000e+00
0.000000000000000000e+00
0.000000000000000000e+00
1.000000000000000000e+00
-2.000000000000000000e+00
-1.000000000000000000e+00
0.000000000000000000e+00
-2.000000000000000000e+00
-1.000000000000000000e+00
1.000000000000000000e+00
1.000000000000000000e+00
-2.000000000000000000e+00
0.000000000000000000e+00
0.000000000000000000e+00
-2.000000000000000000e+00
0.000000000000000000e+00
-1.000000000000000000e+00
-1.000000000000000000e+00
-2.000000000000000000e+00
-1.000000000000000000e+00
-1.000000000000000000e+00
-2.000000000000000000e+00
-1.000000000000000000e+00
-2.000000000000000000e+00
1.000000000000000000e+00
0.000000000000000000e+00
0.000000000000000000e+00
0.000000000000000000e+00
