0.000000000000000000e+00
3.015728889383594264e+02
3.178404569136451414e+02
2.722813630884154534e+01
1.045548527072078793e+00
1.043915068662962797e+00
0.000000000000000000e+00
1.977532964562966455e+01
2.891417150136460350e+03
4.254371347029644312e+03
1.232329289788050119e+04
1.471436780639450444e+04
1.446563705353455953e+04
1.439369230944466290e+04
1.448241624863704419e+04
1.497134083606487548e+04
1.516340553750819345e+04
1.551508072176183850e+04
1.546607490670822517e+04
1.538290177150694035e+04
1.515182586833076493e+04
1.503650403387075494e+04
1.473771228777318902e+04
1.502301398610799515e+04
1.467475371631674352e+04
1.498944084902925351e+04
1.485106332810697859e+04
1.515922529617117652e+04
1.544618248090689849e+04
1.605030766082284208e+04
1.670634414914645458e+04
1.833559125152845445e+04
1.962418259454698273e+04
2.074255860861694237e+04
2.226960918303073777e+04
2.383606434614863974e+04
2.456199969409053301e+04
2.447055008293314313e+04
2.361715888894928139e+04
2.266843157419074851e+04
2.146083383102294829e+04
2.037001250055424680e+04
1.979784045654830697e+04
1.944465473720070077e+04
1.869621205664428635e+04
1.862955565838008988e+04
1.810663771006448223e+04
1.813858664731853423e+04
1.731916703105119814e+04
1.762838110519405018e+04
1.739785707370415912e+04
1.781596312730937279e+04
1.778664820938238336e+04
1.795708255590138288e+04
1.800308396432098016e+04
1.844123284485875047e+04
1.829212072897688995e+04
1.855057367537351820e+04
1.857352331554947887e+04
1.884661103207962151e+04
1.878719575301950317e+04
1.865278770511983021e+04
1.869118170752485094e+04
1.894960709126142319e+04
1.835595418891246300e+04
1.864819889181606050e+04
1.832257493386220085e+04
1.841557019739730094e+04
1.827465898597875639e+04
1.828364516324814758e+04
1.782135065136782578e+04
1.816552857945955839e+04
1.799197865880332029e+04
1.804373247790903406e+04
1.798284061277884393e+04
1.796141554668499157e+04
1.789297528043697457e+04
1.795276432890784417e+04
1.774151113017409443e+04
1.841712048983231580e+04
1.807742302030696737e+04
1.784310084037337947e+04
1.774970578178704454e+04
1.815158673919117427e+04
1.780560955184660270e+04
1.815617963912308187e+04
1.797788829265664026e+04
1.837089962124944941e+04
1.811077035663741117e+04
1.831545066289928945e+04
1.815166131031959958e+04
1.870652049104832258e+04
1.874497638174269741e+04
1.902758780593547635e+04
1.907258513979149939e+04
1.984472626709213364e+04
1.975673154503262413e+04
1.947669228630526413e+04
1.966259542914359190e+04
1.993941329161105386e+04
1.983668275094119235e+04
2.008237914807196285e+04
1.996328411598208550e+04
2.021596492233859317e+04
2.004196949512758511e+04
1.974385229105394683e+04
1.998131690585578690e+04
1.980184944881347838e+04
1.958994437151510647e+04
1.977341645853066075e+04
1.954098193579637518e+04
1.978498155137860886e+04
1.921634229174171924e+04
1.898601498560170876e+04
1.895257138572266558e+04
1.892040137765567852e+04
1.863921293098254682e+04
1.895364065287107587e+04
1.858799947783043172e+04
1.901892558104054478e+04
1.841368902513881039e+04
1.841706324045908332e+04
1.816547312047134255e+04
1.853158014145952620e+04
1.832285468487704202e+04
1.806047504879481858e+04
1.816208102547619274e+04
1.837097416421152957e+04
1.818470138290373870e+04
1.805592480416374747e+04
1.790899062982690884e+04
1.819728392948674082e+04
1.788219987771070373e+04
1.760539957588338075e+04
1.780426985995852010e+04
1.797370661841809488e+04
1.749801325157490646e+04
1.764867247195600794e+04
1.759337823337042209e+04
1.792067396914052733e+04
1.763446864374182405e+04
1.787104555483513468e+04
1.746236545239937186e+04
1.810668563779731630e+04
1.775121065303575233e+04
1.770128785981314286e+04
1.741884109568530039e+04
1.750625197735291658e+04
1.724217134550907213e+04
1.726703629057573198e+04
1.758169278951122033e+04
1.750834817545143596e+04
1.753686314945690174e+04
1.739873149724276300e+04
1.730016667631279051e+04
1.708315014914180574e+04
1.738154029901828835e+04
1.770646232139087078e+04
1.728224173032518593e+04
1.791300865929720021e+04
1.746476814288524110e+04
1.751196578565572781e+04
1.745136755389941391e+04
1.760989296953223675e+04
1.705543941582316620e+04
1.788494993956383769e+04
1.755081004241872506e+04
1.758878343214263441e+04
1.774423849798456649e+04
1.763142162033225031e+04
1.787636900838645306e+04
1.774508605429735690e+04
1.783768647447100739e+04
1.795438341473527180e+04
1.785358463953093815e+04
1.809672827081405194e+04
1.808448454003999359e+04
1.801727435765963673e+04
1.810020116526133643e+04
1.807056141448531707e+04
1.815301423214464012e+04
1.808183230573013861e+04
1.793937445365539315e+04
1.829816914234067008e+04
1.825253360768204584e+04
1.845847262576811772e+04
1.830938121490861886e+04
1.837928266839532080e+04
1.845996287217670397e+04
1.856443730562759083e+04
1.852180667773867754e+04
1.881958376474955367e+04
1.859765372288744766e+04
1.852093382248310445e+04
1.858019916343233490e+04
1.903835898931435804e+04
1.889646342372589424e+04
1.874319484188610659e+04
1.902957473325419414e+04
1.933233739080841406e+04
1.888013881473571746e+04
1.901164358053235628e+04
1.920036906321025890e+04
1.969464693378637821e+04
1.944894886169600795e+04
1.930070051673988200e+04
1.957290407741357922e+04
1.987678549766704236e+04
1.973948830152824667e+04
1.939149386473089180e+04
1.942799624273284280e+04
1.998920463513341747e+04
1.978691056097990804e+04
2.015970810282449747e+04
1.955128526876169781e+04
2.013111792644225716e+04
1.995195936476377028e+04
2.028356877776591136e+04
2.016158461567745690e+04
2.040819887511260458e+04
2.037525335962386089e+04
2.073091770897206516e+04
2.009291149995841988e+04
2.086418424338493060e+04
2.032023429545827094e+04
2.045082637318573325e+04
2.035064698720562592e+04
2.088145325544662410e+04
2.062024182390296846e+04
2.033389710420195479e+04
2.050754817997141436e+04
2.086472486842125363e+04
2.048912950740682936e+04
2.032869903721893570e+04
2.057872762206707193e+04
2.083184989584394498e+04
2.010241558984886069e+04
2.041254343721279656e+04
2.057410904193015085e+04
2.072007172048899884e+04
2.046676471472767662e+04
2.021928423381009634e+04
2.033936649201784530e+04
2.024121913710388253e+04
1.951239904746589309e+04
1.985922750805553733e+04
1.924927412197218291e+04
1.961137553293934980e+04
1.893548905902113256e+04
1.887530939666109771e+04
1.820932312404287950e+04
1.825147913796901412e+04
1.772225191499396169e+04
1.737148546193121365e+04
1.694188556802106905e+04
1.734041982282495155e+04
1.698598517615278979e+04
1.637837239597566622e+04
1.605821944564451405e+04
1.582956439116393449e+04
1.513492305816160842e+04
1.524008552508777939e+04
1.460369220026283256e+04
1.457793404779517732e+04
1.405470923848677376e+04
1.365325954845768501e+04
1.355892020938679161e+04
1.322589070889904724e+04
1.253642100693814427e+04
1.283228338229472683e+04
1.228093758812130545e+04
1.225042053912726078e+04
1.213660678961335179e+04
1.199129359341579402e+04
1.179196942865441633e+04
1.182393972451640366e+04
1.142310598820049927e+04
1.161931634354836569e+04
1.132022330194066490e+04
1.122727527720553553e+04
1.104990401572334667e+04
1.059478650757690775e+04
1.086657347361400753e+04
1.110499906429287512e+04
1.043971617320179030e+04
1.090528937484483322e+04
1.033220326960982493e+04
1.105799859263383587e+04
1.078967368671306576e+04
1.065073564423014068e+04
1.044923690187047032e+04
1.066515255129235629e+04
1.046384632543189400e+04
1.083467000440023548e+04
1.056077993881991461e+04
1.080747806432591278e+04
1.070859424159381706e+04
1.060145733613465563e+04
1.073161291888682536e+04
1.095226581794686535e+04
1.081450932608491530e+04
1.069067286045357287e+04
1.075087350984631848e+04
1.107296862734410206e+04
1.126986384872547205e+04
1.134397843423726954e+04
1.122303220466866878e+04
1.173584896004340408e+04
1.189901486594896414e+04
1.177451230814391965e+04
1.229081764810282584e+04
1.239888656319393158e+04
1.264869831656216047e+04
1.280581194274158588e+04
1.307646545159574453e+04
1.350154746204362164e+04
1.375461648785000034e+04
1.380179694591204679e+04
1.439414843448157626e+04
1.496459448087553574e+04
1.529889671922537491e+04
1.583000723194658713e+04
1.604152906165995046e+04
1.653407494371636130e+04
1.708540558373869135e+04
1.737123219430362951e+04
1.840413210570255251e+04
1.940307293803196444e+04
2.021582148441081517e+04
2.076928157287315480e+04
2.149840363981948758e+04
2.298345072646278641e+04
2.422177130225288056e+04
2.573809868397804894e+04
2.648494357898339877e+04
2.834484426531056670e+04
2.939981493610483813e+04
3.150742082750987538e+04
3.282520322313815268e+04
3.599616444219351251e+04
3.719177280232762860e+04
3.990411283328364516e+04
4.293193376004539459e+04
4.592458536550573626e+04
4.895658915158909076e+04
5.158513743211864494e+04
5.493973530439990282e+04
5.972257074039745203e+04
6.253279181156722916e+04
6.652566536477583577e+04
7.109355547483095143e+04
7.704923624779755482e+04
7.970084092449309537e+04
8.386598031597203226e+04
8.924526130208438553e+04
9.500123054628729005e+04
9.840749561533276574e+04
1.034915697446589184e+05
1.066633509411385457e+05
1.123448016007362894e+05
1.144898088446275651e+05
1.182829119047587883e+05
1.201695942261696182e+05
1.238589230528405315e+05
1.246733179012776964e+05
1.277751645527546352e+05
1.279713663106604654e+05
1.305441697746311984e+05
1.299637516050796839e+05
1.280426993328845710e+05
1.262876346517174970e+05
1.257371747188753943e+05
1.228131248229805642e+05
1.188285634218031628e+05
1.137818376431442884e+05
1.115080322098170291e+05
1.054494319085314492e+05
1.003195590217952849e+05
9.539566462526076066e+04
9.022063668809426599e+04
8.364250044315577543e+04
7.860373612322199915e+04
7.212779379249365593e+04
6.949994253850412497e+04
6.177995617453104933e+04
5.590488473496682127e+04
5.065601297038346820e+04
4.599907416195356927e+04
4.057845555117617914e+04
3.616221911101716978e+04
3.174481476148519505e+04
2.824189331909802058e+04
2.541609828200228367e+04
2.192754966695127951e+04
1.895442362997999953e+04
1.596229219453022415e+04
1.386169482413435435e+04
1.153679402055296123e+04
1.005031087754581858e+04
8.501764493477709038e+03
7.080173347778978496e+03
6.134897315688638628e+03
5.193710318487811492e+03
4.401791229134881178e+03
3.829449384142715644e+03
3.247480328538775666e+03
2.683478598883968971e+03
2.293132060715110129e+03
2.178591540521085790e+03
1.889875479771737901e+03
1.587880165180774156e+03
1.444211471077612032e+03
1.316463368469396528e+03
1.233158305608792034e+03
1.197610599572062029e+03
1.170357574338648419e+03
1.220232760359731856e+03
1.046236807957308656e+03
1.041186376935195085e+03
9.926706135454993500e+02
9.989789505842261406e+02
1.072332860916970503e+03
9.882786725176597429e+02
1.018052379474596819e+03
1.027403341204846356e+03
9.393220382496704133e+02
1.031419652136090690e+03
8.891868029085283069e+02
1.002590604212778544e+03
8.143528786481651878e+02
8.981960086136976997e+02
8.499669500526696311e+02
9.102678379185539370e+02
1.055913807451161574e+03
9.285222468727837395e+02
9.285515334418988687e+02
1.005177843156544327e+03
8.332429523365251498e+02
8.915180355279006790e+02
9.068312121209008865e+02
8.756510869500413037e+02
9.003254837348224555e+02
8.251290892986212384e+02
8.748527850935722654e+02
8.745504931568401616e+02
8.521374825151680170e+02
7.757365873989301690e+02
8.608276814319216328e+02
8.986513296352421776e+02
7.768550363712749913e+02
8.178278452340971398e+02
8.300911885376631290e+02
8.327344969231943423e+02
8.159517794904312495e+02
7.795583578620053231e+02
8.602230449962264629e+02
8.204401891794252606e+02
7.771125038156195615e+02
7.894150678794393343e+02
8.050796959686798573e+02
8.274469858025966005e+02
8.034574615896847263e+02
8.026165952348326300e+02
8.418435874493906113e+02
9.248598284545703336e+02
9.041724306466497865e+02
7.788239088776330163e+02
8.251665094618518879e+02
8.853457184348294504e+02
8.744243837486394568e+02
7.678643971950933746e+02
8.009895737901586017e+02
8.755002690552864806e+02
7.679309314116883343e+02
8.220373244852580683e+02
8.452745012501211477e+02
8.616860380695632102e+02
8.363616575533345667e+02
7.304840098875005197e+02
8.237774415231943976e+02
8.472912555604797262e+02
7.898295665379532693e+02
7.673806113864126246e+02
7.802531234422392572e+02
6.864800384531206419e+02
7.705097572468363296e+02
7.441106627864894563e+02
8.682311646479962519e+02
7.591791612696741822e+02
7.649543299272488639e+02
7.779862670406917005e+02
8.164804933034728265e+02
7.823977219260222000e+02
7.189143657627057564e+02
7.428904709732713627e+02
7.743280891503814019e+02
7.801681611247814772e+02
7.196026780368463278e+02
7.252972383034011727e+02
8.608861603324946827e+02
7.293023255813953938e+02
7.760767028408436090e+02
7.781985753758239071e+02
9.603926980955303634e+02
8.200553584161530125e+02
7.656962432253333191e+02
7.450690398291613974e+02
7.205261049602710273e+02
6.882346613928903025e+02
7.472602968060407420e+02
6.689717585831166389e+02
1.096189656534658070e+03
8.031782189374193877e+02
8.168522522496259626e+02
6.065203341037381506e+02
7.552912329023344000e+02
7.145421243806811162e+02
6.774628938297456671e+02
6.753123543816969914e+02
7.318441560602802838e+02
7.415719756419100577e+02
7.238022517880093574e+02
7.138178291983015242e+02
7.077252215409332621e+02
6.738442303240198044e+02
6.159385349844499160e+02
7.808236825120461617e+02
7.228744281249158803e+02
7.046614264138586350e+02
5.779763122312836003e+02
6.397651394007467616e+02
7.058844092312665452e+02
6.469695216839296563e+02
7.417873832988931326e+02
6.948406263001754724e+02
6.680206978206637132e+02
7.349737080015274842e+02
7.203796819510872638e+02
7.344252178227064860e+02
6.744976574456649132e+02
6.225179672702315656e+02
6.859898462311016374e+02
5.260709246432451209e+02
6.892487409851803477e+02
6.367705770286189590e+02
6.632980293619891654e+02
6.732151169543092237e+02
6.789781320704302061e+02
6.679548199421195704e+02
7.410853673299890261e+02
6.710497682055847690e+02
6.514435765669959437e+02
5.935797231020941354e+02
7.904153616322428206e+02
6.942532538728559075e+02
6.104509128918708711e+02
6.760093467475368243e+02
6.946852204093979708e+02
6.790536753690857950e+02
6.762654465301025084e+02
7.641135660981494766e+02
6.316858990679766066e+02
6.894546933049924746e+02
6.518636459769977591e+02
7.752450934024872140e+02
6.503624454870436011e+02
6.561562423984858015e+02
5.742893866377233962e+02
6.106810837062378141e+02
6.560286507065270598e+02
6.309662923356162310e+02
7.163338023475173486e+02
6.735519032510848092e+02
6.305791792641028906e+02
6.764184433907796574e+02
6.198748326314887436e+02
5.764917006456033732e+02
6.538334840279393347e+02
7.584182592508586822e+02
6.385795806523034344e+02
6.399064402707696217e+02
6.321999909322245230e+02
6.516045768709226422e+02
6.076010289585203736e+02
7.542420729534064776e+02
6.647240530679224548e+02
6.980117930516413480e+02
6.125701772489860559e+02
6.641951759225852356e+02
6.288135595539844189e+02
6.254762429578282763e+02
5.391695104283576256e+02
6.372107391446563724e+02
5.644498483585314261e+02
5.794741613948906434e+02
5.713269603729320352e+02
6.143361945437886789e+02
6.155391734948370868e+02
6.634630503201980218e+02
6.179395658521965515e+02
6.144465290806735993e+02
5.639386131860655951e+02
6.827370005216079107e+02
5.849773433407642642e+02
5.908216128150608029e+02
6.535089348887335063e+02
5.693467670493403148e+02
5.799301721925014590e+02
5.286353592869689919e+02
5.582561890337967725e+02
6.405662299530690689e+02
5.986567917880478262e+02
5.277963125444027810e+02
5.912642904218043896e+02
5.441955205177450807e+02
5.307210241382076674e+02
5.800281195751550740e+02
4.358144380147619472e+02
5.093740431371376758e+02
5.880556013801173094e+02
4.625292854068581505e+02
5.121352104393663467e+02
5.472555288069017934e+02
6.020757468876138319e+02
4.707477182114928382e+02
4.322825532935564752e+02
4.428867220705486716e+02
5.225383781803566308e+02
4.641938821141507674e+02
4.748966082480604882e+02
5.054536278444816162e+02
4.864716749864447820e+02
4.027762478212048336e+02
4.084482478484621311e+02
4.141356510271939442e+02
4.898114335040564242e+02
4.055301417551575014e+02
4.714093562157632959e+02
4.269907072983435228e+02
3.723550805417380047e+02
4.435383717141875195e+02
3.887398732391168323e+02
4.298371855926914691e+02
4.102830810244464601e+02
4.464693061863907246e+02
3.353976453620265943e+02
3.766619073883342139e+02
3.160911407696905258e+02
4.544729229620612614e+02
3.324493051225816203e+02
4.046969175478047873e+02
4.515156913337534093e+02
3.340315674107445147e+02
2.933793676302378231e+02
4.175580263300390129e+02
4.078801102986703313e+02
4.188519642068821440e+02
4.091373955217038088e+02
3.475200339399946188e+02
4.103849892638842221e+02
3.173583135600051151e+02
4.064120847606320694e+02
3.861463671493548304e+02
3.658160131775288733e+02
3.925242996877601058e+02
3.721348763926157517e+02
3.989224182787336872e+02
2.996253610963412939e+02
3.632266125259276350e+02
3.057576703385394126e+02
3.695422486764641690e+02
4.335033332205912302e+02
3.705825364943533486e+02
3.498927160086594199e+02
2.919801939054639774e+02
3.295928291963314223e+02
4.258601283607329151e+02
3.784615637196652074e+02
3.202554773913888653e+02
3.901624304082418462e+02
3.799736951168084715e+02
3.590358717440847158e+02
3.380388675061270760e+02
4.459255513174967405e+02
4.034584027856009243e+02
3.931955435797796667e+02
4.098665373596389827e+02
5.021688950983453879e+02
4.270971886804149449e+02
4.871577198363735306e+02
4.010337077366811513e+02
4.069368708149569329e+02
4.563059651017854890e+02
5.003456760352378296e+02
3.920257391937774401e+02
6.159628313616499327e+02
5.457128367584082298e+02
5.190030670868526386e+02
4.430037898213897734e+02
5.913112562238426335e+02
4.604001096190760904e+02
5.870800628071078791e+02
5.162884581856374098e+02
6.487704628704879042e+02
4.733097008137692114e+02
5.343796070563975036e+02
6.727633972926145134e+02
5.464559944249801902e+02
7.182469949616780696e+02
5.530110591330756051e+02
5.203047618720822811e+02
5.096905445786488258e+02
5.045933323655733034e+02
6.215727349084750131e+02
5.665526352404206136e+02
6.392876559404948011e+02
7.010024278388540324e+02
6.291727654387381108e+02
6.073686104094359735e+02
6.134012594794002098e+02
6.250111609135917661e+02
6.310408620747846271e+02
5.979481117289861913e+02
7.101913742838333974e+02
7.722072105984108248e+02
6.439122921030217412e+02
6.779212403963180122e+02
7.007444000528870447e+02
6.394415470905058783e+02
6.397903999481233086e+02
7.580430366580865211e+02
8.202200830454504512e+02
7.138201422697528642e+02
7.141448046418730655e+02
6.638223322974940857e+02
8.160463258735862837e+02
6.530873742869587204e+02
6.645859837095954390e+02
7.718534504984074829e+02
6.762849726055495694e+02
6.595648630743280592e+02
7.725101217616564782e+02
6.824480517616565294e+02
8.687485077747717241e+02
7.165632826393191408e+02
7.166716665639839903e+02
7.111165678854272301e+02
6.208755760767506899e+02
6.096281778981422121e+02
6.604563470672786707e+02
8.072326350606388132e+02
5.080388019538431195e+02
5.926830383479826878e+02
5.926363598958560033e+02
6.546506281384779413e+02
5.868460657675901757e+02
5.754621742551826173e+02
5.640644087943186378e+02
4.737031205290871867e+02
5.017660152388230586e+02
4.734353188158621037e+02
5.746949277646615428e+02
5.744850366660034524e+02
5.967757171018303097e+02
3.714164647650208053e+02
3.431184237701704660e+02
4.272771507932883992e+02
4.832380539723981201e+02
4.099554819065747324e+02
3.872563017423890983e+02
3.645713744866686739e+02
3.138781773902620102e+02
2.856479270399057668e+02
2.462550478249493437e+02
2.348750680542033251e+02
2.849682054516883909e+02
3.014684544386873313e+02
3.290827602013660567e+02
2.006058481268859737e+02
2.505096029250897800e+02
2.113240318133847495e+02
1.833222389010722111e+02
1.831190026399596320e+02
1.829084891632823826e+02
9.964945082698181977e+01
9.952662420416992006e+01
7.178872110575701981e+01
1.819929153974885878e+02
1.376859619699857546e+02
1.429925471427918922e+02
9.335993011295353483e+01
8.773727059018088426e+01
4.380135251646809280e+01
7.106487536856209886e+01
6.003424046652656898e+01
3.269133934972151678e+01
4.895301045957848629e+01
3.800760792176588154e+01
4.335888692793009369e+01
2.704915431181390062e+01
8.099352051835860777e+01
4.311257777372210143e+01
3.764840332476666163e+01
5.904119478395178078e+01
3.213711783852235016e+01
3.741330837987010938e+01
6.399717165049430889e+01
4.256963571911125399e+01
2.654539580677225885e+01
3.178033284220600763e+01
2.113653555986297405e+01
3.162788983947203647e+01
2.103306411503508500e+01
1.048997554170673396e+01
4.185184791962085882e+01
2.087098621111423924e+01
1.040757080502799425e+01
2.075839423561627228e+01
2.070074847318565858e+01
2.064220901447748702e+01
5.145695214297526121e+01
2.052246930441710759e+01
1.023063998189930501e+01
1.019960937321376804e+01
3.558851076460835827e+01
2.027250583465552936e+01
3.031180119931101657e+01
2.014238386892110810e+01
1.003803122284156224e+01
3.501559405900154331e+01
9.970468593703127880e+00
2.980822440561650666e+01
1.980255669036343846e+01
3.453129273335065363e+01
2.457623808095495122e+01
4.897258907506880199e+00
1.463723430906172496e+01
9.721415356281930542e+00
1.452645051738583071e+01
2.894044913104625749e+01
9.608968780844701740e+00
1.435614450782675178e+01
4.766102308315512737e+00
4.746649648173619340e+00
1.418107925606254049e+01
4.707235570678690806e+00
4.687280107684805408e+00
9.334326168636037480e+00
4.646887604580788533e+00
0.000000000000000000e+00
1.381762178578369316e+01
9.170284343262979476e+00
9.128529666506546292e+00
4.543245237897980182e+00
0.000000000000000000e+00
4.500792764890714892e+00
1.791746688500993656e+01
1.783124833912689766e+01
0.000000000000000000e+00
2.207165526942377554e+01
4.392411739756928668e+00
2.185188994690367537e+01
1.304470021165984228e+01
0.000000000000000000e+00
4.303626233778953036e+00
4.281170947039123043e+00
4.258619416859500184e+00
1.270792598333823165e+01
0.000000000000000000e+00
4.190424261991761767e+00
4.167524699225810814e+00
8.289094802863193223e+00
0.000000000000000000e+00
4.098374470840294492e+00
0.000000000000000000e+00
1.620774081859774896e+01
4.028624975035436151e+00
8.010518569608526818e+00
1.194552547806483389e+01
3.958376279957417587e+00
3.934866315277879334e+00
3.911315586266137068e+00
3.887727731075397930e+00
7.728212740029738903e+00
1.152136531161146493e+01
3.816777512261836591e+00
1.517230860814234461e+01
1.130807266709306269e+01
3.745622229885471555e+00
7.443749307758291245e+00
3.698118278155780647e+00
3.674356522985047668e+00
1.095177833120520816e+01
0.000000000000000000e+00
3.603072702103327529e+00
0.000000000000000000e+00
3.555584482572177851e+00
3.531860418865570228e+00
3.508153963073057824e+00
3.484468248566273019e+00
1.038241910365115750e+01
0.000000000000000000e+00
1.365426507333592809e+01
3.389994022071576296e+00
3.366457553179403650e+00
3.342959736731816456e+00
0.000000000000000000e+00
3.296091331676620939e+00
9.818178784397465719e+00
6.498821758587665087e+00
0.000000000000000000e+00
6.405879378496520005e+00
3.179789014245384848e+00
3.156698292181301380e+00
3.133669965454675577e+00
6.221412852485606493e+00
6.175620032462677322e+00
6.129966052766803841e+00
0.000000000000000000e+00
6.039092432641323782e+00
5.993881445819964959e+00
1.784647981851650655e+01
5.903931984265324395e+00
0.000000000000000000e+00
2.907319581585438684e+00
0.000000000000000000e+00
5.726033497431410879e+00
2.840998718347819807e+00
5.638143867954139132e+00
0.000000000000000000e+00
0.000000000000000000e+00
2.753855587217775902e+00
0.000000000000000000e+00
5.421727363615286954e+00
5.379035724878263203e+00
5.336547977557223099e+00
2.647133392796235274e+00
2.626097358427972761e+00
2.605167122000577873e+00
0.000000000000000000e+00
0.000000000000000000e+00
0.000000000000000000e+00
2.522527241394085795e+00
5.004285810981648375e+00
4.963741623887280241e+00
2.461711877305093221e+00
4.883333949142246944e+00
0.000000000000000000e+00
7.205767627417955623e+00
0.000000000000000000e+00
0.000000000000000000e+00
2.343180518638060761e+00
2.323835774809102972e+00
2.304610003868495571e+00
4.571007503824841223e+00
0.000000000000000000e+00
2.247651799824199159e+00
2.228907004329176100e+00
4.420567076819232000e+00
0.000000000000000000e+00
0.000000000000000000e+00
2.155144569989324133e+00
4.274019406517099995e+00
0.000000000000000000e+00
4.202217138806659591e+00
2.083342661920593031e+00
2.065700048860856342e+00
0.000000000000000000e+00
0.000000000000000000e+00
0.000000000000000000e+00
0.000000000000000000e+00
1.979339003750449910e+00
0.000000000000000000e+00
3.891318133587910566e+00
0.000000000000000000e+00
0.000000000000000000e+00
1.896063836343594877e+00
1.879778148509916313e+00
0.000000000000000000e+00
0.000000000000000000e+00
5.494970050947911133e+00
1.815860636547331097e+00
0.000000000000000000e+00
5.353900861698007496e+00
1.769202054345876629e+00
1.753891352886917776e+00
1.738701171094718667e+00
0.000000000000000000e+00
0.000000000000000000e+00
1.693850032960764196e+00
0.000000000000000000e+00
0.000000000000000000e+00
1.650069527215555887e+00
3.271423832206136417e+00
0.000000000000000000e+00
3.214695459916168119e+00
1.593340174973614909e+00
0.000000000000000000e+00
0.000000000000000000e+00
1.552009523701294968e+00
0.000000000000000000e+00
0.000000000000000000e+00
1.511705612001456478e+00
2.996993068776011349e+00
0.000000000000000000e+00
1.472413239909616811e+00
4.378613498384351210e+00
0.000000000000000000e+00
0.000000000000000000e+00
0.000000000000000000e+00
1.409130217578968614e+00
0.000000000000000000e+00
0.000000000000000000e+00
4.117366865186208535e+00
1.360442780042286026e+00
2.697069716845574838e+00
2.673462389026700858e+00
1.325031121525476863e+00
0.000000000000000000e+00
1.301939060847384866e+00
1.290545720163241761e+00
0.000000000000000000e+00
0.000000000000000000e+00
0.000000000000000000e+00
