0.000000000000000000e+00
3.152329849529889483e+00
5.244892028277972074e+00
0.000000000000000000e+00
0.000000000000000000e+00
0.000000000000000000e+00
0.000000000000000000e+00
0.000000000000000000e+00
4.853672929955884570e+02
6.424630065409489816e+02
1.895811482061017387e+03
2.286762240349336025e+03
2.244649992368203129e+03
2.440256487818749974e+03
2.589092933338959028e+03
3.008693409587710448e+03
3.191808347258546746e+03
3.541251110461115786e+03
3.539857473998176374e+03
3.418536646933725933e+03
3.081223302046013941e+03
2.811212582199451390e+03
2.660506649713309798e+03
2.621637151657574123e+03
2.575773446062421954e+03
2.688395796568653623e+03
2.712164084320588699e+03
2.972677154309744765e+03
3.160604996093160480e+03
3.708149931923961958e+03
4.704420144175302084e+03
5.971716078033752638e+03
7.328668034530846853e+03
8.992985516809649198e+03
1.080179253693144165e+04
1.183823640134961352e+04
1.227287009952550034e+04
1.188883073447162860e+04
1.057190614236738656e+04
9.586935803071575720e+03
8.003515129222752876e+03
7.102040444668144119e+03
6.379653834621279202e+03
5.980393706633044530e+03
5.234167853833845584e+03
4.460697921798382595e+03
3.773612131668611255e+03
3.450037359506766279e+03
2.843202842808592322e+03
2.597845308623480378e+03
2.431718229474997770e+03
2.489114373968291602e+03
2.519173907962002431e+03
2.442594213847561150e+03
2.589735392359964408e+03
2.558033236160154047e+03
2.547751157267668077e+03
2.644410996357772092e+03
2.618011427866102167e+03
2.730211760322885766e+03
2.660151951140937854e+03
2.753254253434482052e+03
2.723076636320078251e+03
2.782773739739192933e+03
2.680208324061337407e+03
2.740097622983605106e+03
2.673320544603471262e+03
2.692490424526385141e+03
2.683082462497301094e+03
2.728045705093131801e+03
2.743402945986587838e+03
2.778353910650150738e+03
2.785695713785944463e+03
2.692373254309694403e+03
2.735803478051203911e+03
2.799970695530128069e+03
2.740634865822690699e+03
2.758630721497504965e+03
2.927488740704473003e+03
2.919989077549460944e+03
2.939443612676974681e+03
2.943469502457693579e+03
3.007704233233891500e+03
3.028551095257581892e+03
3.101461429203600801e+03
3.130913819178485937e+03
3.141756775888848551e+03
3.213161150484694645e+03
3.310896407772108887e+03
3.343097493473400846e+03
3.393234818386353254e+03
3.408995165651390835e+03
3.560181860080286242e+03
3.418789926491498136e+03
3.513730739015351446e+03
3.749056756041604331e+03
3.542186349600458470e+03
3.456257528360286415e+03
3.444179483312933371e+03
3.466020484542088070e+03
3.356487618643618134e+03
3.375207622432317748e+03
3.256837123082590551e+03
3.160542097406397261e+03
3.023471816735418543e+03
2.988611043298943969e+03
2.955835107598612012e+03
2.892995110011236193e+03
2.871874894163583576e+03
2.870091827703846775e+03
2.860811819064886549e+03
2.832128725726297489e+03
2.745037366909845787e+03
2.682594659272495846e+03
2.693722453632494307e+03
2.636493893527606815e+03
2.700988235328040901e+03
2.758122101217291402e+03
2.542471373935913562e+03
2.739653089508457924e+03
2.746872117209230510e+03
2.599319580833978307e+03
2.626187652992858602e+03
2.736968444637401717e+03
2.632854292613276357e+03
2.767384395113089340e+03
2.596483564989942806e+03
2.709324343119598325e+03
2.613396918047373219e+03
2.533851831689933988e+03
2.674167888255072739e+03
2.673996309372613268e+03
2.635708572048844871e+03
2.691743938221025473e+03
2.608333421453231949e+03
2.669127611404006075e+03
2.597829836767926736e+03
2.577284454144298252e+03
2.629404975264429595e+03
2.603206500187789516e+03
2.588336453792807333e+03
2.572286812980749801e+03
2.540147160464553508e+03
2.614733615356049086e+03
2.639020225514558206e+03
2.578047922212827416e+03
2.700730010519600000e+03
2.606056184695672982e+03
2.595795591742520628e+03
2.606476947140731681e+03
2.644083006987777480e+03
2.705293121810045704e+03
2.714038344558805875e+03
2.585297017530700487e+03
2.536100728026234719e+03
2.643806793014270170e+03
2.736663007973243111e+03
2.632940026068983116e+03
2.664390224760592901e+03
2.761628599245672376e+03
2.807948205936356317e+03
2.587172052128777977e+03
2.711452148870322162e+03
2.737576245417532846e+03
2.800092681201083451e+03
2.864159439806911905e+03
2.707596429926928977e+03
2.837528838004324371e+03
2.705755330492590929e+03
2.657745003772756263e+03
2.740773341893853285e+03
2.680337065875082317e+03
2.630698005258013836e+03
2.809584621411842363e+03
2.706741806243213887e+03
2.852012548313233765e+03
2.798626028289087117e+03
2.833714511503704671e+03
2.922904862363370739e+03
2.817790978667135732e+03
2.829319421769280325e+03
2.912959425825270500e+03
2.822194610644995919e+03
2.865641462322259486e+03
2.869839117817493843e+03
2.830622879124645351e+03
2.991117502316561968e+03
3.033012173792948488e+03
2.923074481190865299e+03
3.032247435703009614e+03
2.845221195159660965e+03
3.123814311438362893e+03
3.066363936644323530e+03
3.070042542547852463e+03
3.152431278769943674e+03
3.103794364104855504e+03
3.039051495760467787e+03
3.071830775187714153e+03
3.144616658611939783e+03
3.191226341512946419e+03
3.166043780032033737e+03
3.124651511651469718e+03
3.076302225597223696e+03
3.159655454192904472e+03
3.142200114767306786e+03
3.247948549468232159e+03
3.098827949205121968e+03
3.322340621249285505e+03
3.336636747885619570e+03
3.374342145238593275e+03
3.229285211168129081e+03
3.275176593190057247e+03
3.427959036452998134e+03
3.324768613816605921e+03
3.336563219230744380e+03
3.358214257357913539e+03
3.444488768916848585e+03
3.460990276785821607e+03
3.469129981803293504e+03
3.478734593275089082e+03
3.249874917439830824e+03
3.539424974702547843e+03
3.646501930585542141e+03
3.582246404961796088e+03
3.625428921362371057e+03
3.383223128403566079e+03
3.564981758854015425e+03
3.681118498091599122e+03
3.551798047666768070e+03
3.588248806125345254e+03
3.909411758870489393e+03
3.844276271413392351e+03
3.700471700530863473e+03
3.728976773928555758e+03
3.702685143262898237e+03
3.798450947088190333e+03
3.846980126271671907e+03
3.750253348742447997e+03
3.868185460239941222e+03
3.853948447609729556e+03
3.815349339873319423e+03
3.806895474441603255e+03
3.978446011756491771e+03
3.939833333820129155e+03
3.862533165773957080e+03
3.887981041400098547e+03
3.939882769902213568e+03
3.959526631145887222e+03
3.913874321872026940e+03
4.050737038925779416e+03
3.965843797856049150e+03
3.948009410911652594e+03
3.942664204538482409e+03
4.043417630321822344e+03
3.911133492617476804e+03
4.111349883468571534e+03
3.965531129248865000e+03
3.943982759403654654e+03
3.890019428003233770e+03
3.908454529284830187e+03
3.962710198967337419e+03
3.997773370236815481e+03
3.802550997180269860e+03
4.063644230968788634e+03
3.987408431019675390e+03
3.793306379871592981e+03
3.891267514237075375e+03
3.938317185553408763e+03
3.688459510432386651e+03
3.678096372961207180e+03
3.738261571736774385e+03
3.832580940123709752e+03
3.612528925794764291e+03
3.623733230497869954e+03
3.580405588130423894e+03
3.659994662084272477e+03
3.492731910665004307e+03
3.515623389893918556e+03
3.647665961554710975e+03
3.481931466480602921e+03
3.445687734871459725e+03
3.265720061027916017e+03
3.537341768874349782e+03
3.366913090887464023e+03
3.195218008972838106e+03
3.238755591390044174e+03
3.184619797631851270e+03
3.328482602567766207e+03
3.051751736132179303e+03
2.996250906508698790e+03
2.855377776713134608e+03
2.958310171965617883e+03
2.785261808961516635e+03
2.906907247386302515e+03
2.708503554373504812e+03
2.661378283551646746e+03
2.637894182680001904e+03
2.527070015591384163e+03
2.417264640477542343e+03
2.442967887086374503e+03
2.373230855750303817e+03
2.289783328259767131e+03
2.130157266661979065e+03
2.194881491007270142e+03
2.111672665780768966e+03
2.004911185987061799e+03
2.050656499145401995e+03
2.008232472428341680e+03
1.890172895304889835e+03
1.881674037394296420e+03
1.954782677060190053e+03
1.680907153347500525e+03
1.710660515934742989e+03
1.563603209104524694e+03
1.656273326372105885e+03
1.545524951628122153e+03
1.421999824871710416e+03
1.435275094606705579e+03
1.374496913426275114e+03
1.381625642838528847e+03
1.322176718708618637e+03
1.213640641486753566e+03
1.199860819774261017e+03
1.212498829205866514e+03
1.122772785692385696e+03
1.116678001835784471e+03
1.141485537735925391e+03
1.197541501140680793e+03
1.085552804738447321e+03
1.062468775938938279e+03
1.081100894469043624e+03
1.030459406713035605e+03
1.000533298236851010e+03
1.112323165055027630e+03
9.548530325167453157e+02
1.039531527766115460e+03
1.075550728605496943e+03
1.098921032206507789e+03
9.562415353357139338e+02
1.003143381289009085e+03
9.960140301406885328e+02
1.023742077501779477e+03
9.705969204235830148e+02
9.808152599250853427e+02
9.557781280778247037e+02
1.032456042750817687e+03
1.087453169959585239e+03
1.053560075850934254e+03
1.068687674899414787e+03
1.144629133984751434e+03
1.049576254747956682e+03
1.132777150868851777e+03
1.111977837087423950e+03
1.070464423257970793e+03
1.214190073162150156e+03
1.170413320780835875e+03
1.093980789944831713e+03
1.176803971578885921e+03
1.134667028366299292e+03
1.152876710998644057e+03
1.075164643077194796e+03
1.215509152350632121e+03
1.104378487507803356e+03
1.023196824852317832e+03
1.053128667345473559e+03
1.076106874069435435e+03
9.076492969485050253e+02
9.254189903007367093e+02
9.674301910829209419e+02
8.305498566761740449e+02
8.068720956136137374e+02
7.415388114640642243e+02
7.442626175381965368e+02
6.806491463396570225e+02
5.499685667249257222e+02
5.470326781586619518e+02
4.819580123039885962e+02
5.236145398065568770e+02
4.654667791264034804e+02
3.842809892062699078e+02
3.579528966254217721e+02
3.035967792586384917e+02
2.767700318024997728e+02
2.242591281676577637e+02
2.301882035068430810e+02
1.796841880457173204e+02
1.545725870021364017e+02
1.499604463713847906e+02
9.860476473619995375e+01
1.250026297946726288e+02
7.318086722555453605e+01
8.131315063546378497e+01
6.054585815495106971e+01
4.226997526159283325e+01
6.628347891306476924e+01
3.991238255008390468e+01
4.272531635256206073e+01
4.019788857335526444e+01
3.227287410504410303e+01
3.238767426086746326e+01
2.979414951245935939e+01
1.902715162154207817e+01
2.455010129537305730e+01
3.284918827712598244e+01
2.747094249743698313e+01
2.481097025199403916e+01
1.106589112941842856e+01
3.609045616137582613e+01
2.228738148870676028e+01
2.516106407980124260e+01
5.330339777108606114e+01
1.126090815655058108e+01
1.412514343851283805e+01
3.685300683428573620e+01
3.413616910894238998e+01
1.712718401471192919e+01
3.150835766187100973e+01
4.598843111900258407e+01
2.018920952505918365e+01
2.604675079273905069e+01
1.452004288639863461e+01
2.331158393297761933e+01
1.754340838788744961e+01
2.347094822996188768e+01
2.649464203680119567e+01
2.363074310062064143e+01
1.481924787551854372e+01
2.379095124838871911e+01
1.491950303888063445e+01
1.496972203397362478e+01
1.502000014404176831e+01
2.712660478891498883e+01
1.512072820462714162e+01
2.730811570994383430e+01
2.435468188518776955e+01
1.832667500214274270e+01
6.129133189978928975e+00
1.229878896437675451e+01
1.850902495905675949e+01
3.094987072084985869e+01
1.552572849202200800e+01
1.869187855504821627e+01
3.125488974615989335e+01
2.194971145396059597e+01
2.516692066638389136e+01
1.893638850033706689e+01
1.899763071181053675e+01
1.588242954671442142e+01
2.230694789874714701e+01
1.598467153027314680e+01
1.603584010262935422e+01
2.573926166008257965e+01
2.904887779964631278e+01
2.266532720806753431e+01
2.273711877097515455e+01
1.303368249994282557e+01
1.634343006333516612e+01
3.606851283532411401e+01
2.631383559598130972e+01
1.649753475345655573e+01
6.619575886420773436e+00
1.992043293197565390e+01
3.330359316327106001e+01
1.002194746963560235e+01
1.675470703722047716e+01
1.344494320664163389e+01
2.360072451144342409e+01
1.690914978405434255e+01
1.017638756821643042e+01
3.402429508749569464e+01
2.047638392520249084e+01
3.080729129962148249e+01
6.866668776904208293e+00
1.721818231864772031e+01
2.763150670538682618e+01
3.464239759221808157e+00
2.432178333260863923e+01
3.136356215825004412e+01
6.990277606578952252e+00
1.752717960687647647e+01
3.164158215786023831e+01
1.410409940246345073e+01
2.121789708902523230e+01
2.482623574588943072e+01
3.201202251853930392e+01
3.210457321861817803e+01
1.788727554775215012e+01
2.511412459725609025e+01
1.439202201459097985e+01
3.608275141166267908e+00
1.085562233080034922e+01
1.451520876983951780e+01
2.911247337399152357e+01
1.824655750666765996e+01
1.097867691093504483e+01
7.339602740761908883e+00
1.472015398348644233e+01
2.583189100645089198e+01
4.070545725172149787e+01
4.081787829162690429e+01
2.232558139534883779e+01
1.492455197770853204e+01
2.244803582814876819e+01
2.626073783854965527e+01
1.880860913798516165e+01
3.017522140789490948e+01
1.134622903293139196e+01
1.516897063074254781e+01
3.422161299743653728e+01
7.625105069449396034e+00
1.911347881666047499e+01
3.832830966904398906e+01
1.537183194138601650e+01
1.541230664621935631e+01
3.863186841425083884e+01
1.549315349543250164e+01
1.165014333229371424e+01
2.336078944240502508e+01
1.171061886211035308e+01
2.348163067573091922e+01
1.177098374034777883e+01
1.573483156060889954e+01
4.338119403967578336e+01
1.976886093689757473e+01
7.927579180282585902e+00
1.192139099969902993e+01
1.195138289559254297e+01
1.597512548342355565e+01
1.601503241849678716e+01
1.605489756198010198e+01
3.218944097613820077e+01
8.067250391214475513e+00
3.639203559472104388e+01
1.621393187538564007e+01
1.219018642631886706e+01
3.258637550344700884e+01
4.083187266675152216e+01
2.455839824833252294e+01
1.641173671112193233e+01
2.056395297090441687e+01
2.885844881385179406e+01
2.892728267239585094e+01
1.656916298088961170e+01
3.321680679446652107e+01
8.323798392530965984e+00
3.754517147332013849e+01
1.672584141501389610e+01
2.514733822483075087e+01
2.520584226196677591e+01
1.684284925749975059e+01
1.266131638123744807e+01
2.115076547295441145e+01
1.271956549504487555e+01
1.699817982004823236e+01
2.555533449838733162e+01
1.707555001096142178e+01
1.283562050786462372e+01
1.715272149159007142e+01
2.148904035978119609e+01
3.015196258414469810e+01
2.158512898582343098e+01
2.163307873520468050e+01
1.734477215861616273e+01
1.738303055938660791e+01
1.306592854049135610e+01
2.182424313714911435e+01
3.062062464526267291e+01
1.315166534284862720e+01
1.757355636564712853e+01
8.805753700758751634e+00
1.764940677861863705e+01
4.421813594737761477e+00
2.215631260694357962e+01
1.776279378208740667e+01
1.780048535238893592e+01
1.337859351003213249e+01
1.340678373594426276e+01
3.582649227550352578e+01
1.795072802960612179e+01
1.798815720147333508e+01
3.154468367531962869e+01
1.806285688377784382e+01
1.357509535147755564e+01
1.813734414801553285e+01
4.089264250952204094e+01
2.276452236533981122e+01
2.281084291018435906e+01
2.285709616600694360e+01
1.374196915701900501e+01
0.000000000000000000e+00
4.599090021748737378e+00
9.216572827835172177e+00
1.385240737270992106e+01
2.313319050649718989e+01
4.172213962043213087e+01
1.393480391153492626e+01
2.327031039938593437e+01
2.797905334067441530e+01
1.868910000901966129e+01
9.362720694730249704e+00
3.283302063789858494e+01
4.699488443217212819e+00
1.883412415232021786e+01
4.717559220490034733e+00
1.417971870756145769e+01
3.314900394363140634e+01
0.000000000000000000e+00
1.901410400631152342e+01
1.428744214289105408e+01
1.908568167636911994e+01
9.560689999299539110e+00
1.915701733721752831e+01
2.399074147929103873e+01
1.442108025419035044e+01
1.926355824841575526e+01
9.649473166149229897e+00
2.416783831563146379e+01
2.905429586765079719e+01
1.940472545284334061e+01
2.915978188661738457e+01
2.434364660036095529e+01
1.463243458398189567e+01
2.931726047179830985e+01
1.957969908577605977e+01
1.471086619410915119e+01
1.473690522591669883e+01
4.920963578561652341e+00
1.478882202397235979e+01
2.962939673069047331e+01
1.484051900775189026e+01
1.486628317189651938e+01
2.481998341767575411e+01
0.000000000000000000e+00
2.490538096636964127e+01
1.995834462781657592e+01
3.998460681665766714e+01
5.006544959940216089e+00
2.005997260492609868e+01
1.004684017172573007e+01
1.006365082545237932e+01
2.016083507791761420e+01
1.009713956465238560e+01
2.022763226318548035e+01
1.013044644504806158e+01
1.014702968605433497e+01
3.557247753839675397e+01
1.018005155103606008e+01
1.019648841192550037e+01
1.021287467330474819e+01
5.114604694193563006e+00
1.536823737523309319e+01
5.130860128792652297e+00
0.000000000000000000e+00
1.029401289930659047e+01
1.031007472419849513e+01
2.581519685434622247e+01
2.585505951894334231e+01
1.553686312107736001e+01
5.186866178208875411e+00
1.038949339908567637e+01
1.040519060852475697e+01
0.000000000000000000e+00
5.218194150666957576e+00
0.000000000000000000e+00
1.570097198751040501e+01
2.620668143609970002e+01
1.574693756363422459e+01
0.000000000000000000e+00
1.052830760944717703e+01
1.054336794270825450e+01
1.055834996218469080e+01
2.643313007442629470e+01
0.000000000000000000e+00
1.060280957601998253e+01
5.308730798281163565e+00
1.063202674826875516e+01
1.064650320901832359e+01
1.066088911886380863e+01
2.135036515942592317e+01
2.672345413755081012e+01
5.351742184743780939e+00
1.607623306316797240e+01
5.365696309621064586e+00
1.074519400765052346e+01
1.613833611142403512e+01
5.386240323010680342e+00
5.392980754732092485e+00
1.079933107738377096e+01
5.406293527600189108e+00
1.082572710747496814e+01
1.625812328662220807e+01
1.627747483259827632e+01
3.259328322155610635e+01
1.631561987071427922e+01
1.088960386649381817e+01
2.725499253812610334e+01
1.091425673516816452e+01
5.463190179861606488e+00
0.000000000000000000e+00
0.000000000000000000e+00
5.480953685941382325e+00
1.097345911788986683e+01
5.492430406230184303e+00
0.000000000000000000e+00
5.503601172253130613e+00
5.509068113983479620e+00
2.205781630467588528e+01
2.207903007777697724e+01
1.657493065296180390e+01
1.106022118266151288e+01
1.660547112357709665e+01
5.540114614985313324e+00
1.663494502304087774e+01
1.664926968504843785e+01
1.110887520079256241e+01
5.559023095134738135e+00
5.563511332054397407e+00
1.670370173731163277e+01
2.228875634530040273e+01
1.115275017235273047e+01
1.116091358774271036e+01
1.116886481548291421e+01
2.794150054808346795e+01
1.118411613045406838e+01
1.119140884925232982e+01
2.239694929053988659e+01
1.680796463792523809e+01
0.000000000000000000e+00
1.121827275597378559e+01
0.000000000000000000e+00
1.123026720974942982e+01
5.617945774283907845e+00
0.000000000000000000e+00
1.686956231437495290e+01
1.687683895671595025e+01
1.688371708703971663e+01
1.126012714287860028e+01
1.126416921541687266e+01
0.000000000000000000e+00
5.635708105046245642e+00
1.127461304400560849e+01
1.127752002571761381e+01
0.000000000000000000e+00
1.692367222937867055e+01
0.000000000000000000e+00
5.643083988692787933e+00
1.128756456960995536e+01
5.644323418879551468e+00
1.693411605272617138e+01
1.128985208662014728e+01
3.951488423373756120e+01
1.128975115452984745e+01
1.693380109565664782e+01
0.000000000000000000e+00
1.128707979549099960e+01
1.692825189714202239e+01
1.692535806632890072e+01
1.128128817588637389e+01
5.639322863441513789e+00
1.127564079188366364e+01
2.254453899123152993e+01
0.000000000000000000e+00
5.632206241823562998e+00
2.251983838120114356e+01
1.688256658022821810e+01
5.624892192953613979e+00
5.622067773595899709e+00
1.685714141764179530e+01
1.123165703853629260e+01
1.122482034035910381e+01
1.121758075343595884e+01
1.681490236019260820e+01
5.600939745880505249e+00
1.679011689715563804e+01
1.677679057530023599e+01
5.587611871601732894e+00
1.674824746881596482e+01
1.673302170515420428e+01
2.228953868076510858e+01
1.113376013000399034e+01
2.224463492772471085e+01
1.666565808191565523e+01
1.664718205817814933e+01
1.662804446938930525e+01
2.768040300749495231e+01
2.211702760092664732e+01
4.417767452661970395e+01
1.102987366045385365e+01
1.652231543639829070e+01
4.399770681316673659e+01
1.098352118975923908e+01
0.000000000000000000e+00
3.285101438735107138e+01
3.279917324702866210e+01
1.091531644845937699e+01
2.724278279143459613e+01
1.631767015319282876e+01
2.171863309815193332e+01
3.793902606193883287e+01
1.622949258708834108e+01
2.159827213822896397e+01
1.077814444343052536e+01
2.151337332843809591e+01
3.220428806397369925e+01
2.142474522568156914e+01
2.137903335992577780e+01
2.133239055016477081e+01
1.596361339466671936e+01
4.247263329083560990e+01
4.767049926330901144e+01
3.170480333979445930e+01
1.581394491973601824e+01
1.577479808627631286e+01
1.573496331256010272e+01
1.569444296985782294e+01
1.565323965833568032e+01
1.040757080502799425e+01
1.037919711780813614e+01
1.552556135488924305e+01
2.064220901447748702e+01
2.058278085719010519e+01
0.000000000000000000e+00
1.023063998189930501e+01
2.039921874642753608e+01
0.000000000000000000e+00
2.027250583465552936e+01
5.051966866551835800e+00
1.007119193446055405e+01
2.007606244568312448e+01
2.000891089085802221e+01
1.495570289055469182e+01
1.490411220280825333e+01
0.000000000000000000e+00
4.933041819050093757e+00
0.000000000000000000e+00
9.794517815013760398e+00
4.879078103020574986e+00
1.458212303442289581e+01
4.842150172461943569e+00
4.823408188507709582e+00
4.804484390422350870e+00
0.000000000000000000e+00
4.766102308315512737e+00
9.493299296347238680e+00
1.418107925606254049e+01
4.707235570678690806e+00
0.000000000000000000e+00
9.334326168636037480e+00
4.646887604580788533e+00
9.252913640290252317e+00
0.000000000000000000e+00
9.170284343262979476e+00
0.000000000000000000e+00
4.543245237897980182e+00
0.000000000000000000e+00
0.000000000000000000e+00
4.479366721252484140e+00
0.000000000000000000e+00
0.000000000000000000e+00
4.414331053884755107e+00
0.000000000000000000e+00
0.000000000000000000e+00
8.696466807773228780e+00
8.651963210307911822e+00
8.607252467557906073e+00
4.281170947039123043e+00
0.000000000000000000e+00
4.235975327779410549e+00
0.000000000000000000e+00
0.000000000000000000e+00
0.000000000000000000e+00
0.000000000000000000e+00
0.000000000000000000e+00
0.000000000000000000e+00
0.000000000000000000e+00
0.000000000000000000e+00
0.000000000000000000e+00
0.000000000000000000e+00
0.000000000000000000e+00
3.958376279957417587e+00
0.000000000000000000e+00
0.000000000000000000e+00
0.000000000000000000e+00
1.159231911004460791e+01
3.840455103870488163e+00
0.000000000000000000e+00
3.793077152035586153e+00
0.000000000000000000e+00
0.000000000000000000e+00
0.000000000000000000e+00
0.000000000000000000e+00
0.000000000000000000e+00
0.000000000000000000e+00
3.626830396221841557e+00
3.603072702103327529e+00
0.000000000000000000e+00
3.555584482572177851e+00
0.000000000000000000e+00
0.000000000000000000e+00
0.000000000000000000e+00
0.000000000000000000e+00
0.000000000000000000e+00
0.000000000000000000e+00
0.000000000000000000e+00
0.000000000000000000e+00
6.685919473463632912e+00
0.000000000000000000e+00
3.296091331676620939e+00
3.272726261465821462e+00
0.000000000000000000e+00
0.000000000000000000e+00
0.000000000000000000e+00
6.359578028490769697e+00
0.000000000000000000e+00
0.000000000000000000e+00
0.000000000000000000e+00
3.087810016231338661e+00
0.000000000000000000e+00
3.042227696750160693e+00
0.000000000000000000e+00
2.996940722909982480e+00
0.000000000000000000e+00
0.000000000000000000e+00
0.000000000000000000e+00
0.000000000000000000e+00
0.000000000000000000e+00
0.000000000000000000e+00
0.000000000000000000e+00
0.000000000000000000e+00
0.000000000000000000e+00
0.000000000000000000e+00
0.000000000000000000e+00
0.000000000000000000e+00
0.000000000000000000e+00
0.000000000000000000e+00
0.000000000000000000e+00
0.000000000000000000e+00
5.252194716855945522e+00
5.210334244001155746e+00
0.000000000000000000e+00
0.000000000000000000e+00
2.543022858982938672e+00
2.522527241394085795e+00
0.000000000000000000e+00
0.000000000000000000e+00
0.000000000000000000e+00
0.000000000000000000e+00
4.843473867510026842e+00
2.401922542472652022e+00
0.000000000000000000e+00
2.362643650579756116e+00
4.686361037276121522e+00
0.000000000000000000e+00
4.609220007736991143e+00
2.285503751912420611e+00
0.000000000000000000e+00
0.000000000000000000e+00
0.000000000000000000e+00
0.000000000000000000e+00
2.191781764554645573e+00
0.000000000000000000e+00
2.155144569989324133e+00
0.000000000000000000e+00
0.000000000000000000e+00
0.000000000000000000e+00
0.000000000000000000e+00
4.131400097721712683e+00
0.000000000000000000e+00
2.030785090127353421e+00
0.000000000000000000e+00
1.996364171661462628e+00
0.000000000000000000e+00
1.962437323117265375e+00
1.945659066793955283e+00
1.929004146378404227e+00
0.000000000000000000e+00
1.896063836343594877e+00
0.000000000000000000e+00
0.000000000000000000e+00
1.847574789025175246e+00
0.000000000000000000e+00
1.815860636547331097e+00
0.000000000000000000e+00
1.784633620566002499e+00
0.000000000000000000e+00
1.753891352886917776e+00
0.000000000000000000e+00
0.000000000000000000e+00
1.708680898972810835e+00
0.000000000000000000e+00
0.000000000000000000e+00
3.329089563618551573e+00
3.300139054431111774e+00
0.000000000000000000e+00
0.000000000000000000e+00
1.607347729958084059e+00
1.593340174973614909e+00
0.000000000000000000e+00
0.000000000000000000e+00
0.000000000000000000e+00
0.000000000000000000e+00
0.000000000000000000e+00
0.000000000000000000e+00
0.000000000000000000e+00
0.000000000000000000e+00
0.000000000000000000e+00
0.000000000000000000e+00
0.000000000000000000e+00
1.434116462880008047e+00
2.843138526441524760e+00
0.000000000000000000e+00
0.000000000000000000e+00
1.384574041090684604e+00
0.000000000000000000e+00
0.000000000000000000e+00
0.000000000000000000e+00
0.000000000000000000e+00
0.000000000000000000e+00
2.626867937095598737e+00
1.301939060847384866e+00
0.000000000000000000e+00
0.000000000000000000e+00
1.268061010868891447e+00
0.000000000000000000e+00
