0.000000000000000000e+00
1.050776616509963235e+00
3.146935216966783244e+00
1.047236011878520889e+00
0.000000000000000000e+00
0.000000000000000000e+00
0.000000000000000000e+00
2.081613646908385906e+00
5.373338125882638678e+02
8.074898531322427289e+02
2.369505220334327987e+03
2.760884968316740014e+03
2.838122629687110475e+03
2.843007241203985814e+03
3.218314721919343356e+03
3.413630570535645802e+03
3.647780968295482126e+03
3.895993164209397946e+03
3.979514757477926651e+03
3.771576756974314776e+03
3.672859190658509760e+03
3.274284042532597141e+03
3.086351500148375635e+03
3.074772250441930282e+03
3.021423137524015601e+03
2.977459630318247036e+03
3.058202332188363926e+03
3.281778450725617404e+03
3.694849195432778743e+03
4.158549016812775335e+03
4.990616736622424469e+03
6.389105029959056992e+03
8.098982072595252248e+03
9.723328645535963005e+03
1.129902274973003841e+04
1.272666321010622960e+04
1.285719570250862307e+04
1.242526062917347554e+04
1.128800854728370177e+04
9.921056764852355627e+03
8.377188507496537568e+03
7.510192018471802839e+03
6.965436817208242246e+03
6.245354283348580793e+03
5.630080472723527237e+03
4.853572317732832744e+03
4.202039443900021979e+03
3.833826094613757959e+03
3.204695775679970666e+03
2.964468512850641218e+03
2.955847973171362810e+03
2.876197058246625602e+03
2.900251042082918502e+03
2.859349780921011188e+03
2.873416654420596842e+03
3.037092343210425497e+03
3.061574773250164981e+03
3.128914319785908901e+03
3.133263774229481442e+03
3.063338344511536434e+03
3.178932542378768176e+03
3.216208857530502428e+03
3.091390861015300288e+03
3.146188065251721127e+03
3.130654921207316875e+03
3.133584226806315655e+03
3.096715611728887325e+03
3.145844000377843713e+03
3.103978222835617998e+03
3.011918229627616256e+03
3.152605852696362945e+03
3.163238549177600817e+03
3.102065286000572542e+03
3.187876846740879046e+03
3.148386101104431873e+03
3.166572228302737585e+03
3.151884700897250241e+03
3.157879071990972989e+03
3.247602147977272580e+03
3.285892133638844825e+03
3.206383581726836837e+03
3.394000548752238501e+03
3.406865256948144179e+03
3.406341567729740746e+03
3.478624075368058584e+03
3.516817150379555187e+03
3.640564033313693926e+03
3.597864740532992073e+03
3.692922916361198531e+03
3.647205455524278932e+03
3.855710855921588518e+03
3.834333837210845559e+03
3.934661802345654905e+03
4.078390563614896109e+03
3.948082967453945002e+03
4.165033559029366188e+03
3.959782596829330487e+03
4.087739960978511590e+03
3.973971906137550832e+03
3.947853457492485632e+03
3.942945012991144722e+03
3.873310949971888931e+03
3.935433492947611285e+03
3.776245950558031382e+03
3.611309844618698662e+03
3.585905849592869345e+03
3.588311048435245084e+03
3.580068050180633236e+03
3.581523232497089793e+03
3.374427933808419311e+03
3.374594664582187306e+03
3.461131029382842826e+03
3.408601517808524932e+03
3.502095933311753015e+03
3.315100459240955843e+03
3.320874261439593738e+03
3.294073887323923827e+03
3.244336511155201151e+03
3.387777578156874370e+03
3.414719365956828369e+03
3.322334152937421095e+03
3.251620312145927073e+03
3.266506552884707617e+03
3.409361014604705360e+03
3.229222295134739852e+03
3.358261351126839600e+03
3.247267447419104428e+03
3.304731414834278439e+03
3.317945576106992576e+03
3.243151904293278221e+03
3.334608014439254930e+03
3.324579163537390741e+03
3.268547922681262207e+03
3.285411774219647668e+03
3.289992911725027170e+03
3.232534835638608001e+03
3.290282737509203344e+03
3.170297991107548569e+03
3.312323034959296365e+03
3.252299984486582161e+03
3.246832985467608523e+03
3.247097493131324427e+03
3.315029597501574244e+03
3.282202960928045741e+03
3.248113462555222213e+03
3.231214942791368230e+03
3.202707237314249596e+03
3.291189283074295417e+03
3.200009426884020741e+03
3.139884651247280090e+03
3.228933155553285815e+03
3.266945673050885944e+03
3.219548511587693611e+03
3.280117634793385150e+03
3.231407154390304640e+03
3.178947310098928028e+03
3.292048101326532105e+03
3.294142728738245296e+03
3.216546126631479183e+03
3.349742162713541347e+03
3.206179361207568945e+03
3.287314998580680822e+03
3.301577594391300863e+03
3.341240725591029332e+03
3.189061552360164114e+03
3.289241876750770643e+03
3.317109168861152739e+03
3.408443048653842652e+03
3.251300045300975398e+03
3.329523091742942142e+03
3.252368007771085558e+03
3.244942257814808272e+03
3.426197402065992719e+03
3.279497542246569537e+03
3.361418706699657378e+03
3.406501474445623899e+03
3.403228978721250769e+03
3.426207091324064550e+03
3.463115838211832397e+03
3.302923591408221455e+03
3.369977787889111369e+03
3.466484904572111645e+03
3.426679042291902988e+03
3.501038682349368173e+03
3.594945005045803555e+03
3.550099484518404097e+03
3.547306446620498264e+03
3.558648605607065292e+03
3.438607899390312468e+03
3.488506320955849333e+03
3.529629755999889312e+03
3.564502223039529781e+03
3.675204055017155042e+03
3.496292060806199970e+03
3.589103331943982994e+03
3.783735756580368161e+03
3.706482075992584669e+03
3.626136156240105720e+03
3.581147831896044408e+03
3.570500531392508492e+03
3.713294180459155996e+03
3.677556856258177959e+03
3.761118521998176675e+03
3.837109287721903002e+03
3.631226959799880206e+03
3.825180957508894153e+03
3.815092128692446295e+03
3.836301398520923158e+03
3.908240912072582432e+03
3.923015664789584207e+03
3.800292182891509128e+03
3.943185641274333648e+03
4.002515983192899057e+03
3.796957974174853916e+03
3.977406259250010862e+03
4.151999400170770059e+03
4.013663551244988867e+03
3.790072651742295420e+03
4.017926876037323836e+03
4.159479645905405050e+03
4.039272232466718833e+03
4.079240695190380848e+03
4.035157308767073118e+03
4.111197554794090138e+03
4.140265713844612037e+03
4.067081449454009544e+03
4.243819129906607486e+03
4.139987707321162816e+03
4.160760961499709083e+03
4.297128916500413652e+03
4.327334621315383629e+03
4.465127624852524605e+03
4.144764473510436801e+03
4.099208780871422277e+03
4.274729196295087604e+03
4.372392711071296617e+03
4.267276166505863330e+03
4.406059956745829368e+03
4.542746412434372360e+03
4.354009967076142857e+03
4.327700582176530588e+03
4.374203509586116525e+03
4.262293713400798879e+03
4.451261368602843504e+03
4.222052959246950195e+03
4.461465953137147153e+03
4.371460034449805789e+03
4.512090912089805897e+03
4.409143734667612080e+03
4.253899004612643694e+03
4.296722817764165484e+03
4.407482805884232221e+03
4.332667431819621925e+03
4.422091930340206090e+03
4.329275000161540447e+03
4.489460059014575563e+03
4.292123115670652624e+03
4.369707985978794568e+03
4.243071336305226396e+03
4.215824711637527798e+03
4.142907180567244723e+03
4.207925271117234843e+03
4.240678111214797354e+03
4.271994177409255826e+03
4.237650413478383598e+03
4.079126067901987426e+03
4.073644773106303546e+03
4.066433122726037709e+03
3.985673540698101988e+03
3.870798460838445862e+03
4.015730379355563400e+03
4.161666489804081721e+03
4.069811068300430634e+03
4.021460048479343186e+03
3.793626502144860751e+03
3.909928815809391381e+03
3.836335640194271946e+03
3.670800489006450334e+03
3.734185552673181519e+03
3.699009488081637755e+03
3.604290458125532950e+03
3.613806987725588897e+03
3.616339475871543527e+03
3.604764094168368047e+03
3.561244643094242292e+03
3.590138389798388289e+03
3.401914884494874514e+03
3.310606756152257276e+03
3.423128931534507956e+03
3.284351955211458062e+03
3.310792460087634481e+03
3.226752787202228319e+03
3.242190380235595512e+03
3.078654124353186489e+03
3.036751446203469186e+03
2.922730784426013088e+03
2.972249117599526016e+03
2.723599305138476211e+03
2.804324721477795265e+03
2.654019394151175675e+03
2.603805417564906747e+03
2.504274124826417847e+03
2.515398474462549530e+03
2.630825137753100535e+03
2.560640908235058305e+03
2.436444450780467378e+03
2.403292756942368669e+03
2.506443401890928271e+03
2.376713824433420996e+03
2.404899567874687818e+03
2.186244506483237274e+03
2.282207273244167482e+03
2.280880687912990652e+03
2.220513236577368843e+03
2.169540388179909769e+03
2.227141084141037481e+03
2.205591336759058777e+03
2.159899377419270422e+03
2.240069313718040576e+03
2.208187708641491554e+03
2.268895621112194476e+03
2.340158499027045764e+03
2.320408805699037202e+03
2.141264767402279631e+03
2.309060090283428053e+03
2.239525495394418613e+03
2.268521891449876875e+03
2.482101588869438729e+03
2.393623138417534392e+03
2.348285604973095360e+03
2.380098093249677277e+03
2.578251495163635809e+03
2.459116650729813045e+03
2.464060649445708805e+03
2.369056298939096450e+03
2.570012237023414400e+03
2.598890505574637245e+03
2.569883822870404856e+03
2.568684936906319308e+03
2.612939347374827321e+03
2.640089590809598121e+03
2.656490636076046030e+03
2.703649209486910422e+03
2.900662170047505697e+03
2.677503162490534578e+03
2.756170208545101559e+03
2.768669113700784692e+03
2.700863753770403491e+03
2.784861173794492061e+03
2.777243576564180785e+03
2.837241617673508699e+03
2.922565049241637553e+03
2.901602699639167895e+03
2.766317443472624291e+03
2.792637168272945473e+03
3.019160491523059591e+03
2.790343407264349025e+03
2.960542274956330857e+03
2.966875262695487436e+03
3.038553598623956532e+03
2.932693100506858627e+03
2.920043263480628411e+03
2.709030990724269941e+03
2.730893377441487246e+03
2.674423816622252616e+03
2.560227662697348478e+03
2.651102300058034416e+03
2.639246886623919181e+03
2.429431926235664378e+03
2.360892449735480113e+03
2.372009534093032926e+03
2.097774269273339542e+03
2.054066895113641294e+03
1.887142759526558166e+03
1.785548171788548188e+03
1.589117553745977148e+03
1.448358356563017196e+03
1.401292244625166404e+03
1.196199572163553057e+03
1.112656720381552759e+03
1.020921993896449408e+03
8.981404719734722448e+02
7.769874287299535354e+02
7.288421665448877320e+02
6.112775626459499563e+02
5.390525641371519896e+02
4.353794533893508287e+02
3.387037668043346343e+02
3.529012632663998374e+02
3.203192388488486131e+02
2.247698064784889596e+02
1.390192575380509936e+02
1.474160024642286828e+02
1.003911912462829719e+02
1.193102620435165733e+02
1.463454026836409980e+02
9.079129724919438615e+01
6.163676247914474260e+01
5.647752968382717853e+01
5.397945710144576736e+01
3.521126760563378610e+01
2.989980969099469732e+01
3.000567936101151290e+01
3.011175592069881546e+01
3.571222524666807630e+01
2.481097025199403916e+01
1.936530947648224910e+01
3.053807829039492816e+01
2.785922686088345301e+01
3.075241165309040881e+01
2.524897789156708328e+01
3.096749743051409709e+01
1.412514343851283805e+01
3.118331347516485508e+01
1.137872303631412940e+01
1.712718401471192919e+01
1.718637690647509686e+01
2.586849250443895087e+01
1.153669115717667637e+01
2.604675079273905069e+01
1.742405146367836366e+01
1.456973995811101119e+01
2.631511258183117619e+01
2.640481675870712408e+01
1.177539646080053082e+01
2.067690021304305859e+01
3.853004447634821616e+01
2.379095124838871911e+01
1.491950303888063445e+01
3.293338847474197451e+01
2.102800020165847528e+01
1.205626879507332738e+01
2.721731076832885421e+01
2.730811570994383430e+01
2.435468188518776955e+01
2.138112083583319745e+01
1.532283297494732288e+01
2.152288068765932039e+01
1.850902495905675949e+01
3.404485779293484171e+01
3.415660268244841546e+01
6.230626185016072682e+00
3.125488974615989335e+01
3.135673064851513558e+01
2.202105558308590361e+01
3.156064750056178170e+01
1.899763071181053675e+01
3.176485909342884284e+01
1.912024105606898416e+01
2.877240875449166424e+01
1.603584010262935422e+01
1.930444624506193207e+01
6.455306177699180914e+00
1.295161554746716170e+01
1.948895894655013095e+01
1.955052374991423747e+01
1.634343006333516612e+01
1.967373427381315310e+01
2.302460614648364867e+01
2.969556255622179819e+01
1.985872765926231764e+01
9.960216465987826950e+00
2.664287453061685085e+01
6.681298313090401564e+00
6.701882814888191042e+00
1.680617900830204192e+01
2.697225658450676988e+01
1.352731982724347404e+01
6.784258378810953616e+00
1.360971803499827892e+01
2.388911457940290362e+01
2.053819419974765736e+01
2.403334071916472681e+01
4.476727402848407422e+01
3.108544504356018123e+01
2.078543855533084894e+01
3.127086428478253310e+01
5.227260359708341042e+01
3.844652683618424049e+01
1.402174368550118189e+01
2.461011945611351948e+01
2.820819880492690146e+01
1.414526472601682272e+01
3.901265617211196002e+01
3.556891390948811793e+00
1.426869920827474658e+01
2.146473065730258156e+01
1.435092834128919392e+01
4.317606604377294133e+01
2.164965084699760922e+01
2.171124466160069844e+01
3.991682411705867395e+01
2.183435503049364002e+01
7.298623002667063986e+00
1.463823588124672703e+01
1.467920548152381777e+01
7.360076991743221164e+00
2.583189100645089198e+01
3.700496113792863184e+01
1.113214862498915636e+01
2.604651162790697683e+01
2.984910395541706407e+01
7.482678609382922730e+00
2.250920386161399023e+01
3.385549644837329453e+01
4.149092943585549875e+01
1.512830537724185653e+01
1.137672797305691041e+01
1.901200722079807548e+01
2.668786774307288567e+01
1.146808728999628535e+01
3.066264773523519338e+01
1.921478992673252151e+01
3.082461329243871262e+01
1.545274736570033625e+01
2.711301861700687610e+01
3.883381110764571265e+00
2.725425434947252867e+01
2.342123772422070616e+01
1.565442045048727948e+01
2.746562872747815121e+01
2.360224734091334753e+01
2.366246947618679286e+01
3.163017749903612241e+01
3.567410631127163612e+01
7.947593999799352993e+00
2.788656008971593536e+01
1.198134411256766718e+01
2.402254862774518074e+01
2.408234634297015120e+01
2.414208073210365058e+01
2.016812597803618701e+01
1.617423804209824212e+01
2.432089781307846010e+01
8.126790950879245301e+00
1.221989081379262920e+01
1.633274906670061100e+01
2.046533187361043460e+01
1.230880253334144925e+01
1.233837178254265154e+01
2.061317772417985239e+01
2.479481371919644417e+01
1.656916298088961170e+01
1.660840339723326053e+01
2.080949598132741585e+01
2.085842859628896662e+01
2.090730176876736834e+01
2.514733822483075087e+01
2.100486855163897815e+01
1.263213694312481294e+01
8.440877587491632639e+00
8.460306189181764580e+00
1.271956549504487555e+01
1.699817982004823236e+01
1.703688966559155560e+01
1.280666250822106633e+01
2.567124101572924744e+01
1.715272149159007142e+01
1.289342421586871801e+01
1.292226967891915734e+01
8.634051594329372747e+00
1.297984724112280830e+01
4.336193039654040682e+00
4.345757639846651976e+00
8.710619026994237402e+00
1.745939450971929219e+01
3.499499959458591292e+01
8.767776895232417544e+00
2.636033454847069635e+01
1.320863055113812834e+01
2.206175847327329365e+01
3.979632235263985507e+01
1.772505008555486228e+01
8.881396891043703334e+00
2.670072802858340566e+01
1.337859351003213249e+01
2.681356747188852552e+01
2.686986920662764433e+01
1.795072802960612179e+01
2.698223580221000262e+01
3.154468367531962869e+01
1.354714266283338198e+01
9.050063567651703167e+00
0.000000000000000000e+00
1.817450778200979400e+01
2.276452236533981122e+01
2.281084291018435906e+01
1.828567693280555417e+01
2.290328192836501131e+01
2.294939998372205991e+01
2.299545010874368600e+01
1.382485924175275827e+01
1.846987649694656142e+01
1.850655240519775191e+01
2.781475974695475273e+01
1.393480391153492626e+01
3.723249663901749074e+01
1.398952667033720765e+01
9.344550004509830643e+00
2.340680173682562426e+01
2.345215759849899229e+01
1.409846532965163846e+01
1.412559311424016251e+01
2.358779610245017366e+01
2.363286451260243126e+01
3.314900394363140634e+01
2.372278196038918097e+01
2.852115600946728691e+01
1.428744214289105408e+01
1.908568167636911994e+01
2.390172499824884866e+01
1.436776300291314712e+01
1.919259318343283027e+01
2.403513375698391741e+01
1.444766868631181644e+01
1.929894633229845979e+01
2.900140597875775583e+01
1.936953057843386361e+01
1.940472545284334061e+01
1.457989094330869229e+01
2.921237592043314635e+01
9.754956389321263188e+00
1.954484031453220538e+01
1.957969908577605977e+01
2.451811032351525199e+01
2.456150870986116530e+01
0.000000000000000000e+00
2.957764404794471957e+01
2.469116394224206346e+01
1.484051900775189026e+01
2.477713861982753230e+01
3.971197346828120800e+01
1.989018507759036325e+01
4.981076193273928254e+00
9.979172313908287961e+00
1.499422755624662429e+01
2.002617983976086435e+01
2.507496575615762069e+01
1.004684017172573007e+01
1.509547623817856810e+01
1.512062630843821154e+01
2.019427912930477120e+01
5.056908065796370089e+00
3.039133933514418473e+01
1.522054452908150068e+01
1.016356501097050291e+01
2.036010310207212015e+01
5.098244205962750186e+00
1.021287467330474819e+01
5.114604694193563006e+00
1.536823737523309319e+01
2.565430064396326060e+01
5.138947190934530340e+00
1.544101934895988570e+01
1.031007472419849513e+01
2.581519685434622247e+01
1.034202380757733764e+01
1.035790874738490608e+01
1.556059853462662623e+01
1.038949339908567637e+01
1.040519060852475697e+01
3.126246805851016219e+01
5.218194150666957576e+00
2.090377218157307837e+01
0.000000000000000000e+00
1.048267257443987965e+01
5.248979187878075159e+00
1.051317056478390377e+01
1.052830760944717703e+01
1.054336794270825450e+01
2.111669992436938159e+01
5.286626014885259295e+00
2.647018117816809735e+01
1.590421436402997379e+01
2.123492319312465426e+01
1.063202674826875516e+01
1.064650320901832359e+01
1.066088911886380863e+01
1.601277386956944326e+01
3.206814496506097356e+01
5.351742184743780939e+00
2.679372177194661830e+01
5.365696309621064586e+00
1.074519400765052346e+01
1.075889074094935793e+01
1.615872096903204280e+01
1.617894226419627657e+01
2.699832769345943007e+01
1.081258705520037822e+01
1.623859066121245220e+01
2.167749771549627980e+01
1.085164988839885147e+01
1.086442774051870153e+01
1.087707991380951889e+01
5.444801933246909087e+00
5.450998507625220313e+00
1.091425673516816452e+01
1.092638035972321298e+01
0.000000000000000000e+00
1.095020844858967912e+01
5.480953685941382325e+00
0.000000000000000000e+00
5.492430406230184303e+00
1.099610954017776088e+01
0.000000000000000000e+00
1.652720434195043708e+01
1.654336222850691485e+01
5.519757519444244309e+00
5.524976884320600412e+00
2.212044236532302577e+01
2.767578520596182656e+01
1.662034384495593997e+01
1.108996334869391909e+01
5.549756561682812617e+00
0.000000000000000000e+00
1.111804619026947627e+01
1.669053399616318956e+01
5.567900579103877590e+00
1.671656725897530293e+01
5.576375086176365237e+00
5.580456793871355181e+00
1.675329722322437220e+01
1.117660021923338753e+01
0.000000000000000000e+00
0.000000000000000000e+00
0.000000000000000000e+00
2.241061951723365198e+01
1.121191040084619317e+01
0.000000000000000000e+00
5.612196490773011526e+00
5.615133604874714912e+00
5.617945774283907845e+00
0.000000000000000000e+00
1.124637487624996979e+01
5.625612985571983415e+00
0.000000000000000000e+00
0.000000000000000000e+00
5.632084607708436330e+00
5.633966791959178266e+00
5.635708105046245642e+00
5.637306522002804243e+00
5.638760012858806903e+00
5.640066543484764772e+00
0.000000000000000000e+00
1.128446114392628630e+01
2.257233595477115173e+01
5.643782284804977678e+00
5.644323418879551468e+00
0.000000000000000000e+00
5.644926043310073638e+00
0.000000000000000000e+00
1.128975115452984745e+01
5.644600365218882310e+00
1.128831161706392372e+01
0.000000000000000000e+00
0.000000000000000000e+00
0.000000000000000000e+00
1.128128817588637389e+01
5.639322863441513789e+00
1.127564079188366364e+01
1.690840424342364656e+01
5.634263997692760206e+00
5.632206241823562998e+00
5.629959595300285891e+00
3.376513316045643620e+01
5.624892192953613979e+00
2.811033886797950032e+01
5.619047139213932063e+00
1.123165703853629260e+01
5.612410170179551905e+00
2.243516150687191768e+01
0.000000000000000000e+00
1.120187949176101050e+01
1.119341126477042359e+01
1.118452705020015792e+01
1.676283561480519779e+01
2.791374578135993900e+01
2.231069560687227238e+01
1.671715401057383232e+01
2.226752026000798068e+01
1.112231746386235542e+01
1.111043872127710230e+01
1.109812137211876504e+01
1.662804446938930525e+01
3.875256421049293465e+01
1.105851380046332366e+01
1.656662794748238809e+01
1.102987366045385365e+01
1.101487695759885987e+01
1.099942670329168415e+01
5.491760594879619539e+00
1.096715882377261053e+01
2.737584532279256067e+01
1.639958662351433105e+01
2.183063289691875397e+01
3.269133934972151678e+01
3.263534030638565753e+01
1.085931654907596666e+01
1.083972173198252342e+01
4.327864689890224525e+01
1.619870410367172298e+01
2.694536110857631073e+01
5.378343332109523800e+01
3.220428806397369925e+01
3.213711783852235016e+01
2.137903335992577780e+01
1.599929291262357722e+01
3.192722678933343872e+01
3.716355412948116310e+01
5.296722140367667642e+00
3.170480333979445930e+01
1.581394491973601824e+01
2.103306411503508500e+01
1.048997554170673396e+01
1.569444296985782294e+01
5.217746552778559810e+00
1.561135620754199138e+01
1.037919711780813614e+01
1.552556135488924305e+01
2.580276126809685877e+01
5.145695214297526299e+00
2.565308663052138627e+01
1.023063998189930501e+01
1.529941405982065206e+01
2.033629186549049095e+01
1.520437937599164790e+01
0.000000000000000000e+00
5.035595967230277026e+00
1.505704683426234425e+01
5.002227722714505553e+00
9.970468593703127880e+00
4.968037400936084147e+00
9.901278345181719232e+00
1.479912545715028038e+01
1.474574284857297179e+01
0.000000000000000000e+00
1.463723430906172496e+01
0.000000000000000000e+00
0.000000000000000000e+00
4.823408188507709582e+00
4.804484390422350870e+00
4.785381502608917259e+00
0.000000000000000000e+00
4.746649648173619340e+00
0.000000000000000000e+00
4.707235570678690806e+00
0.000000000000000000e+00
0.000000000000000000e+00
0.000000000000000000e+00
0.000000000000000000e+00
0.000000000000000000e+00
4.585142171631489738e+00
4.564264833253273146e+00
4.543245237897980182e+00
4.522086748561434888e+00
4.500792764890714892e+00
0.000000000000000000e+00
4.457812084781724415e+00
0.000000000000000000e+00
0.000000000000000000e+00
4.392411739756928668e+00
4.370377989380735073e+00
4.348233403886614390e+00
8.651963210307911822e+00
0.000000000000000000e+00
0.000000000000000000e+00
0.000000000000000000e+00
4.235975327779410549e+00
0.000000000000000000e+00
0.000000000000000000e+00
4.167524699225810814e+00
0.000000000000000000e+00
0.000000000000000000e+00
4.098374470840294492e+00
0.000000000000000000e+00
0.000000000000000000e+00
0.000000000000000000e+00
0.000000000000000000e+00
0.000000000000000000e+00
0.000000000000000000e+00
0.000000000000000000e+00
3.911315586266137068e+00
3.887727731075397930e+00
0.000000000000000000e+00
0.000000000000000000e+00
3.816777512261836591e+00
3.793077152035586153e+00
0.000000000000000000e+00
3.745622229885471555e+00
0.000000000000000000e+00
0.000000000000000000e+00
0.000000000000000000e+00
7.301185554136805145e+00
3.626830396221841557e+00
0.000000000000000000e+00
0.000000000000000000e+00
0.000000000000000000e+00
7.063720837731140456e+00
0.000000000000000000e+00
3.484468248566273019e+00
3.460806367883718870e+00
0.000000000000000000e+00
0.000000000000000000e+00
0.000000000000000000e+00
0.000000000000000000e+00
0.000000000000000000e+00
0.000000000000000000e+00
3.296091331676620939e+00
3.272726261465821462e+00
0.000000000000000000e+00
6.452295649767816776e+00
3.202939689248260002e+00
3.179789014245384848e+00
0.000000000000000000e+00
0.000000000000000000e+00
0.000000000000000000e+00
3.087810016231338661e+00
0.000000000000000000e+00
0.000000000000000000e+00
0.000000000000000000e+00
0.000000000000000000e+00
0.000000000000000000e+00
0.000000000000000000e+00
0.000000000000000000e+00
2.907319581585438684e+00
0.000000000000000000e+00
2.863016748715705440e+00
0.000000000000000000e+00
5.638143867954139132e+00
0.000000000000000000e+00
0.000000000000000000e+00
0.000000000000000000e+00
5.464620132952475728e+00
2.710863681807643477e+00
5.379035724878263203e+00
2.668273988778611550e+00
0.000000000000000000e+00
0.000000000000000000e+00
0.000000000000000000e+00
0.000000000000000000e+00
5.127257505843588525e+00
0.000000000000000000e+00
0.000000000000000000e+00
0.000000000000000000e+00
0.000000000000000000e+00
0.000000000000000000e+00
0.000000000000000000e+00
0.000000000000000000e+00
0.000000000000000000e+00
2.382224546539988719e+00
0.000000000000000000e+00
2.343180518638060761e+00
0.000000000000000000e+00
0.000000000000000000e+00
2.285503751912420611e+00
2.266517527003844013e+00
0.000000000000000000e+00
2.228907004329176100e+00
4.420567076819232000e+00
2.191781764554645573e+00
2.173402010518561855e+00
0.000000000000000000e+00
2.137009703258549997e+00
0.000000000000000000e+00
2.101108569403329795e+00
4.166685323841186062e+00
2.065700048860856342e+00
0.000000000000000000e+00
0.000000000000000000e+00
2.013512863736289127e+00
0.000000000000000000e+00
0.000000000000000000e+00
0.000000000000000000e+00
1.945659066793955283e+00
0.000000000000000000e+00
0.000000000000000000e+00
0.000000000000000000e+00
1.879778148509916313e+00
0.000000000000000000e+00
0.000000000000000000e+00
1.831656683649303785e+00
0.000000000000000000e+00
0.000000000000000000e+00
0.000000000000000000e+00
0.000000000000000000e+00
0.000000000000000000e+00
0.000000000000000000e+00
0.000000000000000000e+00
0.000000000000000000e+00
0.000000000000000000e+00
1.679138136343135468e+00
0.000000000000000000e+00
1.650069527215555887e+00
0.000000000000000000e+00
1.621471478207161532e+00
0.000000000000000000e+00
0.000000000000000000e+00
0.000000000000000000e+00
1.565671598102334805e+00
1.552009523701294968e+00
0.000000000000000000e+00
0.000000000000000000e+00
0.000000000000000000e+00
0.000000000000000000e+00
0.000000000000000000e+00
0.000000000000000000e+00
0.000000000000000000e+00
0.000000000000000000e+00
1.434116462880008047e+00
1.421569263220762380e+00
0.000000000000000000e+00
0.000000000000000000e+00
1.384574041090684604e+00
0.000000000000000000e+00
0.000000000000000000e+00
0.000000000000000000e+00
0.000000000000000000e+00
0.000000000000000000e+00
0.000000000000000000e+00
1.301939060847384866e+00
0.000000000000000000e+00
2.558506529984887035e+00
0.000000000000000000e+00
0.000000000000000000e+00
