0.000000000000000000e+00
-2.101553233019926026e+00
-2.097956811311188829e+00
1.047236011878520889e+00
0.000000000000000000e+00
0.000000000000000000e+00
0.000000000000000000e+00
2.081613646908385906e+00
5.196651959267541088e+01
1.650268465912937472e+02
4.736937382733106006e+02
4.741227279674039892e+02
5.934726373189073456e+02
4.027507533852358392e+02
6.292217885803843274e+02
4.049371609479353538e+02
4.559726210369353794e+02
3.547420537482821601e+02
4.396572834797502765e+02
3.530401100405888428e+02
5.916358886124958190e+02
4.630714603331457511e+02
4.258448504350658368e+02
4.531350987843561597e+02
4.456496914615936475e+02
2.890638337495934138e+02
3.460382478677752260e+02
3.091012964158726390e+02
5.342441993396182625e+02
4.503990848888133769e+02
2.861965924471223843e+02
4.173889519253043545e+02
7.703140380644053948e+02
7.303431287263138074e+02
4.972302127985967672e+02
8.884268087566160830e+02
5.843256029831227352e+02
5.364298947018469335e+02
7.161024049163152085e+02
3.341209617807799077e+02
3.736733782737846923e+02
4.081515738036587209e+02
5.857829825869630440e+02
2.649605767155362628e+02
3.959126188896816529e+02
3.928743959344501491e+02
4.284273122314107241e+02
3.837887351069916804e+02
3.614929328713783434e+02
3.666232042271608407e+02
5.241297436963650398e+02
3.870826842783339998e+02
3.810771341209160710e+02
4.167555670734500382e+02
2.836812620606324344e+02
4.790591070502714501e+02
5.138236159824969036e+02
4.845033234281368095e+02
5.152523463633792744e+02
3.331265841886506678e+02
5.187805912378303219e+02
4.629546040960203754e+02
3.683142246952220376e+02
3.634143255125281939e+02
4.504465971459794673e+02
3.934866038227105491e+02
4.233950671254160625e+02
4.533535758514585723e+02
4.208957603383169044e+02
2.838725245344844552e+02
4.092029067097751067e+02
3.848846385274500790e+02
3.163695722146280787e+02
4.955035924311846429e+02
4.125826230532279624e+02
3.666015327726095165e+02
4.112498350745595417e+02
3.992483504934680241e+02
3.201134072727995772e+02
3.659030560893838810e+02
2.669399690498621567e+02
4.505310462945449217e+02
3.991610237142526785e+02
3.777904724721588536e+02
3.771626461644577830e+02
3.859033312010692498e+02
4.988072574248453748e+02
3.847035900482974284e+02
3.820265085890896444e+02
3.041079620508780863e+02
4.624760375352352639e+02
4.253386715594547240e+02
3.744799422653686634e+02
6.596006371233979735e+02
4.343522284385935563e+02
4.159768029877618574e+02
4.175962472288720164e+02
6.314824326182251752e+02
5.297924228246174607e+02
4.818329729503975614e+02
5.864573943475265878e+02
4.981033275395711826e+02
6.785963698650207334e+02
6.157038531516341209e+02
5.878380278832801196e+02
5.972948062939253759e+02
6.324759408366330717e+02
6.870729401693970431e+02
7.096483383335062172e+02
5.043361061045725364e+02
5.137828455173007569e+02
6.290023036565453367e+02
6.635641508986791450e+02
8.195012740392571686e+02
6.213780056084615353e+02
6.843803679119869230e+02
5.930856519958829267e+02
4.862144099379097497e+02
8.453062042209608080e+02
6.750662764483704450e+02
5.754620357281905854e+02
6.523007313119487662e+02
6.403188998918490142e+02
6.723925699673036434e+02
5.963680025214634952e+02
5.908769560137502594e+02
6.507838824291616220e+02
5.954070717146801144e+02
7.045486580596193562e+02
7.093000726033442334e+02
6.604401261841821906e+02
6.505828541647774728e+02
6.328393506324173359e+02
5.936678359986221949e+02
6.816594902717952209e+02
5.634072242346019266e+02
6.924529007412766077e+02
5.930135369632503171e+02
6.829180596948667699e+02
6.490934842987926459e+02
6.584965316748011901e+02
6.748106801505746262e+02
7.748824370370207362e+02
6.674693455719966551e+02
6.090932370406640075e+02
6.531670205785408143e+02
5.019772267946495958e+02
6.851330983786224351e+02
6.042138351415001125e+02
5.334077041065484082e+02
5.848501485655083343e+02
5.616525512408402392e+02
5.055101670288877358e+02
6.948206172626846637e+02
6.953064263640699210e+02
5.351405170846578585e+02
5.553850933532889940e+02
6.612027026692621803e+02
5.521559018708862823e+02
5.881135634678689712e+02
3.982311552712126286e+02
7.001429464519028443e+02
5.901254455209787011e+02
6.036644801734964858e+02
3.889688711590806633e+02
4.250824369438587382e+02
6.095127389342237620e+02
5.709142106495182816e+02
5.455447148083844695e+02
6.717780879701858794e+02
5.115946658772322735e+02
5.646051919397259553e+02
7.954993968079788829e+02
4.699129208347271742e+02
6.546769004564434908e+02
5.544889261323901337e+02
6.046029504321636523e+02
5.924925798203598788e+02
5.402109758484616577e+02
4.851326127410857225e+02
5.406583661198310438e+02
5.535254787468411450e+02
6.044844316469070691e+02
6.353972200271086876e+02
7.251058872283097116e+02
7.194766053937587458e+02
5.561889443039362959e+02
5.256364318141168042e+02
5.155334181994471692e+02
4.562588852528397183e+02
6.844085608402283469e+02
4.406879116011668884e+02
6.088401183728315118e+02
4.262495182583475071e+02
4.366720531740393199e+02
6.799413924755126573e+02
6.674305802321168812e+02
5.543053810523915672e+02
4.365311732841046251e+02
3.792741898795620727e+02
5.472504004271222584e+02
5.529053446067082405e+02
6.848162964009529787e+02
6.774538335289985298e+02
4.890268450325734193e+02
5.772324080406619942e+02
7.162641794873243271e+02
5.139607772716376530e+02
5.716041641869628620e+02
5.486735195509909317e+02
5.710069717233800475e+02
6.680090480842764009e+02
5.745569467399009227e+02
4.721893603582479955e+02
6.408430400192664820e+02
7.937851428128565203e+02
5.691747823281402816e+02
3.290823749564738137e+02
5.487968942340303329e+02
6.807450526303159677e+02
7.893973150268880090e+02
5.398157204878330049e+02
3.886553781815309776e+02
5.289511498322940497e+02
5.148367924822409805e+02
6.838583210504434646e+02
6.788373710525920615e+02
4.588692092295636940e+02
6.089629138329410125e+02
7.088801103750683978e+02
4.179228624448942355e+02
6.208513534391322537e+02
4.442927729795733285e+02
3.702320069428665192e+02
5.720440530321893675e+02
5.739417639831062843e+02
4.202960402341914232e+02
6.558066080033813705e+02
6.745609521944311382e+02
5.000615194664133014e+02
5.123512423032111656e+02
5.673080351445132692e+02
2.838477016443071079e+02
5.114280347827143487e+02
3.595197934729931148e+02
5.734849117370486056e+02
4.315772645475922218e+02
5.525642809439186749e+02
4.952694127955851400e+02
2.031619656868642778e+02
3.308790199081163337e+02
4.594733949725796265e+02
3.900032272811395160e+02
3.786743000183837466e+02
4.181415075440636429e+02
3.781101755460040295e+02
3.265919864217876238e+02
4.257252265751399136e+02
3.530519083019926256e+02
3.073701823526976113e+02
1.801969815999073035e+02
2.101519008804193618e+02
4.381271140345274944e+02
2.083499464404671926e+02
2.502419824587082076e+02
2.858196880303944454e+02
1.823772588692281715e+02
1.281159371726289464e+02
2.972140302657153370e+02
1.927020878772386823e+02
2.774688076187890147e+02
3.290855496803719689e+02
4.572821425056663429e+02
3.977268179814732321e+02
2.132209140144368575e+02
2.499341537251189038e+02
3.436037295292676390e+02
1.551770991125317778e+02
8.651959111847054373e+01
2.170780216010348340e+02
1.586027232540732257e+02
3.480869266976728795e+02
7.899770699719374534e+01
2.378510032809040240e+02
3.660266341214041859e+02
3.513827984083441152e+02
2.172950868630232435e+02
-1.787584641550893139e+01
3.713771954023286526e+02
2.881010487027592717e+02
4.554146833744998730e+02
2.684426152366104361e+02
4.569285712740788767e+02
1.717468769668839741e+02
3.282478918299643738e+02
2.613525008743663420e+02
3.343549349195241120e+02
1.965292895470920485e+02
3.870600810002529215e+02
2.110515070648011715e+02
2.305745618146029301e+02
2.144907965666507152e+02
3.852412078005704643e+02
4.359436467458303923e+02
4.489682424542893386e+02
4.315332647934055785e+02
3.526362577969666745e+02
4.982109294625865914e+02
4.865409291285311610e+02
5.232255304803913987e+02
2.314618294230472202e+02
6.013001198966669563e+02
5.702201719782476630e+02
6.569100274728441491e+02
5.132670618078038842e+02
6.816161325129153283e+02
7.835915118873483607e+02
7.246242828125648430e+02
8.655724002917654616e+02
8.265620658029627066e+02
9.467189024035758393e+02
1.126517857540292198e+03
1.120547985924776185e+03
9.287659381964131171e+02
1.186287304591042357e+03
1.122847493558634142e+03
1.127036353713951485e+03
1.284560087728757935e+03
1.308070333679087071e+03
1.285816829034157081e+03
1.298997198780633653e+03
1.547792088450600204e+03
1.458583352492962149e+03
1.351737484390681175e+03
1.414203266422351135e+03
1.530480709257298940e+03
1.523339776969140303e+03
1.470962790663897067e+03
1.612443401570605374e+03
1.609795966085818236e+03
1.644075560668909475e+03
1.632748558574266553e+03
1.733052289063327407e+03
1.919846910122420468e+03
1.721725034412709874e+03
1.723714165794283872e+03
1.681215943741199453e+03
1.647303677919469237e+03
1.716173498895077273e+03
1.632614442579429351e+03
1.787665362925552017e+03
1.789787898372785776e+03
1.789624862551743945e+03
1.695853020214653498e+03
1.578447095110795317e+03
1.848747170742223716e+03
1.696362617319517312e+03
1.783738303377444936e+03
1.832208234329188144e+03
1.885676887625312474e+03
1.857528457429663831e+03
1.704534111129996290e+03
1.604652503216466584e+03
1.707696552589169414e+03
1.621295149276779057e+03
1.484120788627913043e+03
1.743453003109529391e+03
1.713827896323182358e+03
1.462001735152743549e+03
1.530342593059306182e+03
1.565137438479419188e+03
1.356235457809275431e+03
1.309804277575444758e+03
1.206493613186901257e+03
1.235579605063622466e+03
1.042084875587315310e+03
9.664003442590285431e+02
8.776777048186095271e+02
7.307327930371495768e+02
7.283757311752829082e+02
6.629690972710276355e+02
5.945436927148336963e+02
5.002173969274537626e+02
5.045830383772299683e+02
3.810893591391068753e+02
3.593683760914346976e+02
2.808068663872144270e+02
1.887433204329498437e+02
2.542964985301998695e+02
1.953166090541759843e+02
1.515889392529344377e+02
5.770610690258720865e+01
8.687014430927760600e+01
5.812121598469013861e+01
5.302678313045180403e+01
1.064330201335570933e+02
4.806598089663232543e+01
2.143887390578947816e+01
2.420465557878307550e+01
2.159178284057830410e+01
5.417118093174426718e+00
1.087265806945261915e+01
5.455578065638455598e+00
-2.737432356427166980e+00
8.241282749231093163e+00
0.000000000000000000e+00
8.299418347063820534e+00
-5.552377870980897967e+00
5.571845372176692734e+00
5.591347573289166206e+00
-2.805441987951897787e+01
1.970658927396351601e+01
0.000000000000000000e+00
-5.669693359120881127e+00
-2.275744607262826236e+01
0.000000000000000000e+00
-1.432198075539591287e+01
-2.011993861456363319e+01
-8.652518367882507277e+00
0.000000000000000000e+00
2.904008577279729053e+00
-8.741843974866608136e+00
8.771704193943726580e+00
2.933868528745236404e+00
-1.471924557600066485e+01
-2.953842887577582843e+00
2.371079660082967422e+01
0.000000000000000000e+00
0.000000000000000000e+00
1.796366644076834973e+01
6.008000057616706968e+00
-1.507033599384166145e+01
1.209658256370171259e+01
0.000000000000000000e+00
0.000000000000000000e+00
3.054445833690454748e+00
9.193699784968394795e+00
9.224091723282565880e+00
0.000000000000000000e+00
3.094987072084983026e+00
1.863087419042640747e+01
-1.246125237003214359e+01
0.000000000000000000e+00
9.407019194554539609e+00
-3.145865083297987752e+00
1.262425900022471481e+01
0.000000000000000000e+00
1.588242954671442142e+01
-3.186706842678162843e+00
1.278773722421851744e+01
0.000000000000000000e+00
-6.434815415020647578e+00
-2.259357162194713098e+01
-9.713711660600372610e+00
-3.248159824425023601e+00
6.516841249971411898e+00
0.000000000000000000e+00
-1.639477856151096091e+01
-3.289229449497661051e+00
1.319802780276524246e+01
1.323915177284154510e+01
-9.960216465987826950e+00
-6.660718632654209159e+00
-3.340649156545200782e+00
-1.005282422233228701e+01
3.361235801660408029e+00
3.371532073063345791e+00
-3.381829956810868509e+00
-3.392129189405476808e+00
-2.041457705249741394e+01
3.412730654200412772e+00
-1.026909709987382513e+01
1.716667194226051762e+01
2.754909170983635391e+01
3.453938338173355049e+00
1.732119879610904079e+01
6.949080952173893877e+00
2.090904143883336630e+01
3.145624922960528735e+01
-3.505435921375294583e+00
-7.031462701746718835e+00
1.410409940246345073e+01
-7.072632363008409584e+00
1.418642042622252930e+01
-2.845513112759049079e+01
-1.783587401034343145e+01
3.577455109550431445e+00
-1.076319625596689633e+01
2.878404402918196325e+01
1.804137570583134220e+01
1.085562233080034922e+01
2.540161534721915615e+01
-7.278118343497883558e+00
-1.094793450400059598e+01
3.659558970311682202e+00
7.339602740761908883e+00
-7.360076991743221164e+00
0.000000000000000000e+00
-3.700496113792866026e+00
-2.968572966663774793e+01
3.720930232558139039e+00
1.492455197770853204e+01
-1.496535721876584546e+01
-3.751533976935665038e+00
1.504688731038813287e+01
1.131570802796058928e+01
3.782076344310464577e+00
-3.792242657685637397e+00
-1.520960577663846180e+01
1.906276267362348875e+01
-7.645391526664189641e+00
-7.665661933808795681e+00
3.842957985346505012e+00
1.541230664621935631e+01
-2.317912104855050259e+01
1.161986512157437446e+01
-7.766762221529143417e+00
3.893464907067503589e+00
1.171061886211035308e+01
-7.827210225243639741e+00
1.569464498713037237e+01
7.867415780304447992e+00
-1.971872456348899050e+01
1.186131656213854768e+01
2.774652713098905110e+01
-3.973796999899676941e+00
1.593517719412339240e+01
-3.993781370855888468e+00
8.007516209248393579e+00
8.027448780990049215e+00
-8.047360244034550192e+00
1.210087558682171149e+01
-2.021779755262280176e+01
8.106965937692820034e+00
-4.063395475439621762e+00
-2.036648468965437786e+01
-2.449912360005091116e+01
-4.093066374722088341e+00
-4.102934177780483083e+00
-8.225581188361765328e+00
-8.245271089671941667e+00
-4.132468953199406769e+00
0.000000000000000000e+00
-1.660840339723326053e+01
1.248569758879644986e+01
-1.668674287703117187e+01
4.181460353753472248e+00
0.000000000000000000e+00
-4.200973710327797761e+00
-4.210712314374937648e+00
-4.220438793745815431e+00
-1.269045928377264687e+01
0.000000000000000000e+00
0.000000000000000000e+00
-8.518444832795776023e+00
-4.268887502740355444e+00
1.283562050786462372e+01
0.000000000000000000e+00
-8.595616143912478080e+00
-1.722969290522554076e+01
-1.295107739149405823e+01
-8.653231494081872199e+00
-1.300857911896212116e+01
-1.303727291953995504e+01
-4.355309513497118701e+00
-4.364848627429822159e+00
4.374374949323240003e+00
-4.383888447616209660e+00
8.786778182823567818e+00
4.402876850379376705e+00
4.412351694654656598e+00
3.537450875790209182e+01
-4.431262521388717346e+00
-8.881396891043703334e+00
8.900242676194469738e+00
0.000000000000000000e+00
1.340678373594426276e+01
-8.956623068875881444e+00
0.000000000000000000e+00
8.994078600736667539e+00
0.000000000000000000e+00
-4.515714220944461843e+00
-4.525031783825852472e+00
-1.813734414801553285e+01
-2.271813472751224694e+01
0.000000000000000000e+00
0.000000000000000000e+00
-4.571419233201389432e+00
9.161312771346006301e+00
2.294939998372205991e+01
1.839636008699494951e+01
4.608286413917586088e+00
4.617469124236640354e+00
-4.626638101299437977e+00
-1.390737987347737814e+01
0.000000000000000000e+00
1.396218623963155636e+01
-1.398952667033720765e+01
-9.344550004509830643e+00
1.404408104209537456e+01
-9.380863039399592651e+00
9.398976886434425637e+00
-4.708531038080055353e+00
1.887023688196013893e+01
9.453145805040973570e+00
0.000000000000000000e+00
2.372278196038918097e+01
9.507052003155763487e+00
0.000000000000000000e+00
0.000000000000000000e+00
1.434103499894930955e+01
-4.789254334304381189e+00
-4.798148295858208456e+00
9.614053502793566963e+00
-4.815889562103938815e+00
9.649473166149229897e+00
4.833567663126292047e+00
-9.684765289216933581e+00
0.000000000000000000e+00
-1.457989094330869229e+01
4.868729320072191058e+00
-4.877478194660632482e+00
-9.772420157266104468e+00
0.000000000000000000e+00
9.807244129406100797e+00
9.824603483944466475e+00
-4.920963578561652341e+00
1.478882202397235979e+01
-4.938232788448409849e+00
0.000000000000000000e+00
9.910855447931012918e+00
1.489199005060545389e+01
1.989018507759036325e+01
-1.992430477309571302e+01
-9.979172313908287961e+00
-2.499037926041104285e+01
1.501963487982064827e+01
5.014993151231522006e+00
0.000000000000000000e+00
5.031825412726188773e+00
-5.040208769479402662e+00
1.009713956465238560e+01
-1.517072419738910938e+01
2.026089289009612315e+01
5.073514843027165711e+00
-2.540891252742625284e+01
1.018005155103606008e+01
-5.098244205962750186e+00
0.000000000000000000e+00
0.000000000000000000e+00
0.000000000000000000e+00
2.052344051517060919e+01
5.138947190934530340e+00
5.147006449653295235e+00
0.000000000000000000e+00
0.000000000000000000e+00
-1.551303571136600468e+01
-5.178954373692453927e+00
1.037373235641775082e+01
0.000000000000000000e+00
0.000000000000000000e+00
3.126246805851016219e+01
0.000000000000000000e+00
2.090377218157307837e+01
-1.570097198751040501e+01
-1.572400886165982037e+01
-1.049795837575614854e+01
1.051317056478390377e+01
0.000000000000000000e+00
0.000000000000000000e+00
1.055834996218469080e+01
-2.114650405954103718e+01
2.647018117816809735e+01
5.301404788009991265e+00
1.592619239484348981e+01
0.000000000000000000e+00
0.000000000000000000e+00
0.000000000000000000e+00
-5.337591289856479904e+00
5.344690827510163444e+00
0.000000000000000000e+00
1.071748870877864590e+01
0.000000000000000000e+00
0.000000000000000000e+00
-5.379445370474677190e+00
1.077248064602136246e+01
1.078596150946418319e+01
1.619899661607566088e+01
5.406293527600189108e+00
5.412863553737484068e+00
5.419374428874071725e+00
-5.425824944199424849e+00
-2.172885548103740661e+01
-5.438539956904760331e+00
-5.444801933246909087e+00
-2.180399403050088125e+01
0.000000000000000000e+00
5.463190179861606488e+00
0.000000000000000000e+00
1.095020844858967912e+01
0.000000000000000000e+00
-1.097345911788986683e+01
0.000000000000000000e+00
1.099610954017776088e+01
-5.503601172253130613e+00
1.101813622796695746e+01
-5.514454076168970431e+00
-1.655927255833273293e+01
-1.104995376864120260e+01
1.106022118266151288e+01
1.107031408238472991e+01
1.108022922997062665e+01
-5.544981674346958656e+00
-1.109951312336562523e+01
-1.110887520079256241e+01
5.559023095134738135e+00
1.112702266410879304e+01
-1.113580115820775518e+01
-5.572189086325099794e+00
-5.576375086176365237e+00
-5.580456793871355181e+00
5.584432407741457993e+00
-1.676490032885008219e+01
-1.118411613045406838e+01
-1.119140884925232982e+01
-2.239694929053988659e+01
5.602654879308413882e+00
1.121191040084619317e+01
-1.121827275597378559e+01
5.612196490773011526e+00
-5.615133604874714912e+00
0.000000000000000000e+00
0.000000000000000000e+00
-5.623187438124983117e+00
-1.125122597114396683e+01
-1.688371708703971663e+01
-1.126012714287860028e+01
-5.632084607708436330e+00
5.633966791959178266e+00
0.000000000000000000e+00
-5.637306522002804243e+00
-5.638760012858806903e+00
5.640066543484764772e+00
-1.692367222937867055e+01
1.128446114392628630e+01
1.692925196607836469e+01
-5.643782284804977678e+00
0.000000000000000000e+00
-1.693411605272617138e+01
-5.644926043310073638e+00
-3.951488423373756120e+01
0.000000000000000000e+00
-1.128920073043776640e+01
1.128831161706392372e+01
-1.128707979549099960e+01
-1.692825189714202239e+01
-1.692535806632890072e+01
0.000000000000000000e+00
0.000000000000000000e+00
0.000000000000000000e+00
-5.636134747807883372e+00
5.634263997692760206e+00
0.000000000000000000e+00
-1.688987878590085856e+01
1.688256658022821810e+01
0.000000000000000000e+00
2.248827109438359884e+01
-1.123809427842786235e+01
0.000000000000000000e+00
-5.612410170179551905e+00
1.121758075343595884e+01
-1.681490236019260820e+01
5.600939745880505249e+00
-5.596705632385214457e+00
-5.592263525100078070e+00
1.117522374320346401e+01
1.116549831254397418e+01
5.577673901718068095e+00
-5.572384670191276257e+00
1.113376013000399034e+01
-1.112231746386235542e+01
-5.555219360638552928e+00
-5.549060686059384295e+00
0.000000000000000000e+00
1.107216120299798234e+01
-1.105851380046332366e+01
-2.761104657913731586e+01
0.000000000000000000e+00
-5.507438478799430825e+00
-3.299828010987505422e+01
-5.491760594879619539e+00
1.096715882377261053e+01
-5.475169064558510712e+00
-1.639958662351433105e+01
1.091531644845937699e+01
5.448556558286920648e+00
1.631767015319282876e+01
-1.085931654907596666e+01
-2.709930432995631122e+01
2.704915431181390417e+01
-5.399568034557240992e+00
1.616721666514578715e+01
3.227005999265713854e+01
0.000000000000000000e+00
1.071237261284078102e+01
0.000000000000000000e+00
-5.333097637541193592e+00
1.596361339466671936e+01
-5.309079161354446796e+00
-4.237377712294134113e+01
0.000000000000000000e+00
0.000000000000000000e+00
5.258266028758772137e+00
-5.244987770853368758e+00
0.000000000000000000e+00
-1.043549310555712140e+01
5.203785402513997127e+00
0.000000000000000000e+00
0.000000000000000000e+00
5.160552253619371754e+00
-1.543708564289257978e+01
2.565308663052138627e+01
0.000000000000000000e+00
-5.099804686606884019e+00
2.033629186549049095e+01
-5.068126458663881451e+00
-5.051966866551835800e+00
-5.035595967230277026e+00
-5.019015611420780232e+00
-1.500668316814351755e+01
-4.985234296851563940e+00
-9.936074801872170070e+00
9.901278345181719232e+00
9.866083638100185738e+00
1.474574284857297179e+01
-9.794517815013760398e+00
9.758156206041149971e+00
-1.458212303442289581e+01
-4.842150172461943569e+00
0.000000000000000000e+00
0.000000000000000000e+00
4.785381502608917259e+00
-4.766102308315512737e+00
-4.746649648173619340e+00
-1.418107925606254049e+01
0.000000000000000000e+00
0.000000000000000000e+00
-9.334326168636037480e+00
-4.646887604580788533e+00
-9.252913640290252317e+00
0.000000000000000000e+00
-4.585142171631489738e+00
4.564264833253273146e+00
0.000000000000000000e+00
4.522086748561434888e+00
4.500792764890714892e+00
-4.479366721252484140e+00
4.457812084781724415e+00
0.000000000000000000e+00
-4.414331053884755107e+00
4.392411739756928668e+00
4.370377989380735073e+00
-4.348233403886614390e+00
0.000000000000000000e+00
-8.607252467557906073e+00
-4.281170947039123043e+00
0.000000000000000000e+00
0.000000000000000000e+00
0.000000000000000000e+00
0.000000000000000000e+00
4.167524699225810814e+00
0.000000000000000000e+00
0.000000000000000000e+00
4.098374470840294492e+00
0.000000000000000000e+00
0.000000000000000000e+00
0.000000000000000000e+00
0.000000000000000000e+00
0.000000000000000000e+00
-3.958376279957417587e+00
0.000000000000000000e+00
3.911315586266137068e+00
3.887727731075397930e+00
-1.159231911004460791e+01
-3.840455103870488163e+00
3.816777512261836591e+00
0.000000000000000000e+00
0.000000000000000000e+00
3.745622229885471555e+00
0.000000000000000000e+00
0.000000000000000000e+00
0.000000000000000000e+00
7.301185554136805145e+00
0.000000000000000000e+00
-3.603072702103327529e+00
0.000000000000000000e+00
-3.555584482572177851e+00
7.063720837731140456e+00
0.000000000000000000e+00
3.484468248566273019e+00
3.460806367883718870e+00
0.000000000000000000e+00
0.000000000000000000e+00
0.000000000000000000e+00
0.000000000000000000e+00
-6.685919473463632912e+00
0.000000000000000000e+00
0.000000000000000000e+00
0.000000000000000000e+00
0.000000000000000000e+00
6.452295649767816776e+00
3.202939689248260002e+00
-3.179789014245384848e+00
0.000000000000000000e+00
0.000000000000000000e+00
0.000000000000000000e+00
0.000000000000000000e+00
0.000000000000000000e+00
-3.042227696750160693e+00
0.000000000000000000e+00
-2.996940722909982480e+00
0.000000000000000000e+00
0.000000000000000000e+00
0.000000000000000000e+00
2.907319581585438684e+00
0.000000000000000000e+00
2.863016748715705440e+00
0.000000000000000000e+00
5.638143867954139132e+00
0.000000000000000000e+00
0.000000000000000000e+00
0.000000000000000000e+00
5.464620132952475728e+00
2.710863681807643477e+00
5.379035724878263203e+00
2.668273988778611550e+00
0.000000000000000000e+00
-5.252194716855945522e+00
-5.210334244001155746e+00
0.000000000000000000e+00
5.127257505843588525e+00
-2.543022858982938672e+00
-2.522527241394085795e+00
0.000000000000000000e+00
0.000000000000000000e+00
0.000000000000000000e+00
0.000000000000000000e+00
-4.843473867510026842e+00
-2.401922542472652022e+00
2.382224546539988719e+00
-2.362643650579756116e+00
-2.343180518638060761e+00
0.000000000000000000e+00
-4.609220007736991143e+00
0.000000000000000000e+00
2.266517527003844013e+00
0.000000000000000000e+00
2.228907004329176100e+00
4.420567076819232000e+00
0.000000000000000000e+00
2.173402010518561855e+00
-2.155144569989324133e+00
2.137009703258549997e+00
0.000000000000000000e+00
2.101108569403329795e+00
4.166685323841186062e+00
-2.065700048860856342e+00
0.000000000000000000e+00
-2.030785090127353421e+00
2.013512863736289127e+00
-1.996364171661462628e+00
0.000000000000000000e+00
-1.962437323117265375e+00
0.000000000000000000e+00
-1.929004146378404227e+00
0.000000000000000000e+00
-1.896063836343594877e+00
1.879778148509916313e+00
0.000000000000000000e+00
-1.847574789025175246e+00
1.831656683649303785e+00
-1.815860636547331097e+00
0.000000000000000000e+00
-1.784633620566002499e+00
0.000000000000000000e+00
-1.753891352886917776e+00
0.000000000000000000e+00
0.000000000000000000e+00
-1.708680898972810835e+00
0.000000000000000000e+00
1.679138136343135468e+00
-3.329089563618551573e+00
-1.650069527215555887e+00
0.000000000000000000e+00
1.621471478207161532e+00
-1.607347729958084059e+00
-1.593340174973614909e+00
0.000000000000000000e+00
1.565671598102334805e+00
1.552009523701294968e+00
0.000000000000000000e+00
0.000000000000000000e+00
0.000000000000000000e+00
0.000000000000000000e+00
0.000000000000000000e+00
0.000000000000000000e+00
0.000000000000000000e+00
0.000000000000000000e+00
0.000000000000000000e+00
-1.421569263220762380e+00
0.000000000000000000e+00
0.000000000000000000e+00
0.000000000000000000e+00
0.000000000000000000e+00
0.000000000000000000e+00
0.000000000000000000e+00
0.000000000000000000e+00
0.000000000000000000e+00
-2.626867937095598737e+00
0.000000000000000000e+00
0.000000000000000000e+00
2.558506529984887035e+00
-1.268061010868891447e+00
0.000000000000000000e+00
