0.000000000000000000e+00
4.203106466039852940e+00
8.391827245244755318e+00
1.047236011878520889e+00
0.000000000000000000e+00
0.000000000000000000e+00
0.000000000000000000e+00
2.081613646908385906e+00
1.022701105583852268e+03
1.449952859673191597e+03
4.265316702395345601e+03
5.047647208666076040e+03
5.082772622055314059e+03
5.283263729022735788e+03
5.807407655258302839e+03
6.422323980123355796e+03
6.839589315554028872e+03
7.437244274670513732e+03
7.519372231476103480e+03
7.190113403908040709e+03
6.754082492704523247e+03
6.085496624732048076e+03
5.746858149861685888e+03
5.696409402099504405e+03
5.597196583586437555e+03
5.665855426886901114e+03
5.770366416508952170e+03
6.254455605035362169e+03
6.855454191525939677e+03
7.866698948736737293e+03
9.695036880797726553e+03
1.236082110799280963e+04
1.542765010712609910e+04
1.871631416234561038e+04
2.210081528666148006e+04
2.456489961145584311e+04
2.513006580203412159e+04
2.431409136364510414e+04
2.185991468965108652e+04
1.950799256792393135e+04
1.638070363671929044e+04
1.461223246313994605e+04
1.334509065182952145e+04
1.222574798998162441e+04
1.086424832655737191e+04
9.314270239531215339e+03
7.975651575568633234e+03
7.283863454120524693e+03
6.047898618488563443e+03
5.562313821474121141e+03
5.387566202646360580e+03
5.365311432214917659e+03
5.419424950044920479e+03
5.301943994768572338e+03
5.463152046780561250e+03
5.595125579370579544e+03
5.609325930517832603e+03
5.773325316143680539e+03
5.751275202095583154e+03
5.793550104834422200e+03
5.839084493519705575e+03
5.969463110964984480e+03
5.814467497335378539e+03
5.928961804990914061e+03
5.810863245268654282e+03
5.873681849789920307e+03
5.770036156332358587e+03
5.838334424904229309e+03
5.787060685332919093e+03
5.739963934720748512e+03
5.896008798682951237e+03
5.941592459827751554e+03
5.887760999786516550e+03
5.880250101050572994e+03
5.884189579155636238e+03
5.966542923832865199e+03
5.892519566719940485e+03
5.916509793488477953e+03
6.175090888681745128e+03
6.205881211188305315e+03
6.145827194403811518e+03
6.337470051209931626e+03
6.414569490182035224e+03
6.434892662987322183e+03
6.580085504571659840e+03
6.647730969558040670e+03
6.782320809202542478e+03
6.811025891017687172e+03
7.003819324133307418e+03
6.990302948997679778e+03
7.248945674307941772e+03
7.243329002862235939e+03
7.494843662425941147e+03
7.497180490106394245e+03
7.461813706469296449e+03
7.914090315070970973e+03
7.501968946429788957e+03
7.543997489338798005e+03
7.418151389450484203e+03
7.413873942034573702e+03
7.299432631634763311e+03
7.248518572404206679e+03
7.192270616030202291e+03
6.936788047964428188e+03
6.634781661354117205e+03
6.574516892891813768e+03
6.544146156033857551e+03
6.473063160191869429e+03
6.453398126660673370e+03
6.244519761512266086e+03
6.235406483647073401e+03
6.293259755109140315e+03
6.153638884718370718e+03
6.184690592584249316e+03
6.008822912873450150e+03
5.957368154967200098e+03
5.995062122651965183e+03
6.002458612372493008e+03
5.930248952092788386e+03
6.154372455465286293e+03
6.069206270146651150e+03
5.850939892979905380e+03
5.892694205877565764e+03
6.146329459242107077e+03
5.862076587748016209e+03
6.125645746239928485e+03
5.843751012409047689e+03
6.014055757953876309e+03
5.931342494154365340e+03
5.777003735983212209e+03
6.008775902694327669e+03
5.998575472910004464e+03
5.904256494730107079e+03
5.977155712440673597e+03
5.898326333178259119e+03
5.901662447042614076e+03
5.888112574277130079e+03
5.747582445251846366e+03
5.941728010223725505e+03
5.855506484674371677e+03
5.835169439260415857e+03
5.819384306112074228e+03
5.855176757966128207e+03
5.896936576284095281e+03
5.887133688069779964e+03
5.809262865004195191e+03
5.903437247833850051e+03
5.897245467769967945e+03
5.795805018626540914e+03
5.746361598388011771e+03
5.873016162541063750e+03
5.972238794860932103e+03
5.933586856146499485e+03
5.865414652324085182e+03
5.767507882416539360e+03
5.822754103113198653e+03
6.028711109299774762e+03
5.927082754807228412e+03
5.880936351392072538e+03
6.111370761959213269e+03
6.014127567143925262e+03
5.874487050709458344e+03
6.013029743261622571e+03
6.078816971008562177e+03
5.989154233561247565e+03
6.153401316557682549e+03
6.024705598788081261e+03
6.245971886658167023e+03
5.957055375793566782e+03
5.987268095515698406e+03
5.993141349664938389e+03
5.925279323689890589e+03
6.056895407324006555e+03
6.089082163658411446e+03
6.068160512942871719e+03
6.258514022758858118e+03
6.201855007010337431e+03
6.259921602827769675e+03
6.386020700575203591e+03
6.120714570075357187e+03
6.199297209658391694e+03
6.379444330397382146e+03
6.248873652936898907e+03
6.366680144671627204e+03
6.464784122863296943e+03
6.380722363643049903e+03
6.538423948937060231e+03
6.591660779400013780e+03
6.361682380581178222e+03
6.520753756658858947e+03
6.374850951159550277e+03
6.688316534477892674e+03
6.741567991661479027e+03
6.566334603354052888e+03
6.741534610713926668e+03
6.887530120685223665e+03
6.745533571753052456e+03
6.697966931427819873e+03
6.725764490507984192e+03
6.761726872905454911e+03
6.879337960491189733e+03
6.802208367909647677e+03
6.837420747595400826e+03
6.996764741914807018e+03
6.773427074567187447e+03
7.073129506977125857e+03
6.913920077897568262e+03
7.158642019770208208e+03
7.244877659958201548e+03
7.297357810028177482e+03
7.029577394059638209e+03
7.218362234464390895e+03
7.430475019645897191e+03
7.121726587991459382e+03
7.313969478480755242e+03
7.510213657528684053e+03
7.458152320161837451e+03
7.251062928528117482e+03
7.487056857840617340e+03
7.638214239180493678e+03
7.289147149906550112e+03
7.618665669892929145e+03
7.681659239352615259e+03
7.693443959755886681e+03
7.765694635206982639e+03
7.450304577857576078e+03
7.808800888760622911e+03
7.821106205412761483e+03
7.712559009166477153e+03
7.885377722625758906e+03
8.236746380185872113e+03
8.309403896265917865e+03
7.845236174041299819e+03
7.828185554799978490e+03
7.977414339557985841e+03
8.170843658159486949e+03
8.114256292777535236e+03
8.156313305488277365e+03
8.410931872674313126e+03
8.207958414685872413e+03
8.143049922049849556e+03
8.181098984027719780e+03
8.240739725157291105e+03
8.391094702422971750e+03
8.084586125020907275e+03
8.349446994537245700e+03
8.311342804352019812e+03
8.471617543235694029e+03
8.323018056539638565e+03
8.304636043538423110e+03
8.262566615620215089e+03
8.355492216795884815e+03
8.275331636358103424e+03
8.465509560662028889e+03
8.240408492779017251e+03
8.600809942483147097e+03
8.257654244919518533e+03
8.313690745382449677e+03
8.133090764308460166e+03
8.124279240922358440e+03
8.105617379534582142e+03
8.205698641354050778e+03
8.043229108395067669e+03
8.335638408378044915e+03
8.225058844498058534e+03
7.872432447773580861e+03
7.964912287343378921e+03
8.004750308279446472e+03
7.674133051130488639e+03
7.548894833799653497e+03
7.753991951092337331e+03
7.994247429927791018e+03
7.682339994095194925e+03
7.645193278977212685e+03
7.374032090275284645e+03
7.569923477893664312e+03
7.329067550859275798e+03
7.186423878900368436e+03
7.381851514227892039e+03
7.180940954562240222e+03
7.049978192996992220e+03
6.879527048753505369e+03
7.153681244745893309e+03
6.971677185055832524e+03
6.756462652067080853e+03
6.828893981188432008e+03
6.586534682126725784e+03
6.639089358720023483e+03
6.474880667666687259e+03
6.280602861720157307e+03
6.166170236800769089e+03
6.185062959167846202e+03
6.027452189197112602e+03
5.985561371739489005e+03
5.745255000576973544e+03
5.584109067977659834e+03
5.610143300279527466e+03
5.250669320729860374e+03
5.221589361955337154e+03
5.096987281237550633e+03
4.977036273315210565e+03
4.794057453086184978e+03
4.645555741124528140e+03
4.825706628760370222e+03
4.672313574015826816e+03
4.441355636767529177e+03
4.453949256087770664e+03
4.514675874319269496e+03
4.266886719738310603e+03
4.286573605268984466e+03
4.141027183543426872e+03
3.963114426591668234e+03
3.991541203847733414e+03
3.784116445681893310e+03
3.825813714552015881e+03
3.772666035769159862e+03
3.627591161630769420e+03
3.595174472025975774e+03
3.614566227144315690e+03
3.589813351480020174e+03
3.591072339820812886e+03
3.553799140513799102e+03
3.520269625473298220e+03
3.353763596608146145e+03
3.431832875975813749e+03
3.356203497230203084e+03
3.410007429185802266e+03
3.679643090010119522e+03
3.479175943155981713e+03
3.410754380912033412e+03
3.461198987718720673e+03
3.608710901876671414e+03
3.459649948966663942e+03
3.576383814500736662e+03
3.323909331455841766e+03
3.609543764789529632e+03
3.674441234180134416e+03
3.668804855076912645e+03
3.524926472242033014e+03
3.616082728663836406e+03
3.636103620950286768e+03
3.680232713577825507e+03
3.674246129910493437e+03
3.881477429972590926e+03
3.633281290568359509e+03
3.788626251295919246e+03
3.856122283660370158e+03
3.754423829621337973e+03
3.853548848693906621e+03
3.921872710548932446e+03
3.886817872421465381e+03
4.055342200110489102e+03
4.013580536726592072e+03
3.836781866730595084e+03
4.006827241435095857e+03
4.189573812303895465e+03
3.884324197209180966e+03
4.137346246535216778e+03
4.101542291061787182e+03
4.191430309622600362e+03
4.007857743584053424e+03
4.135552415831260078e+03
3.813409478232073525e+03
3.754090202293805305e+03
3.727552483967726403e+03
3.636334536766783913e+03
3.558751597006539669e+03
3.564665876924656004e+03
3.396862117318585206e+03
3.191442306411654044e+03
3.178881629706646891e+03
2.839313080737403652e+03
2.798329512651837831e+03
2.567791905866215075e+03
2.335516738513473683e+03
2.136150231904638986e+03
1.930316368867005849e+03
1.924906784431723281e+03
1.661666351289956538e+03
1.496937709587822610e+03
1.378874890521871293e+03
1.201737251232110793e+03
1.053757460532453251e+03
9.531012947125454957e+02
8.414657661527930941e+02
7.187367521828692816e+02
5.899520403914872304e+02
4.886642131757193965e+02
4.515060280025998054e+02
4.453218686435212703e+02
2.979506737040434814e+02
2.203324081735147786e+02
2.079618606191797596e+02
1.426611665078758051e+02
1.855937409565813425e+02
1.862577852337249169e+02
1.335166136017564327e+02
1.018346510525000070e+02
8.875040378887128156e+01
8.636713136231323062e+01
6.500541711809314904e+01
4.892696131253677549e+01
5.455578065638457019e+01
6.296094419782480145e+01
6.318316774410506298e+01
4.962194050398807832e+01
3.043120060590067766e+01
6.662853445177074718e+01
5.014660834959020974e+01
5.591347573289165496e+01
7.855237566265314797e+01
4.222840558706467817e+01
2.825028687702567609e+01
6.803632030945058773e+01
4.551489214525651761e+01
3.425436802942385839e+01
4.869473456834610658e+01
7.185692362344153139e+01
3.172590068223586002e+01
5.209350158547810139e+01
3.194409435007699827e+01
3.788132389108862697e+01
4.385852096971862579e+01
4.987576498866901176e+01
3.827003849760172471e+01
4.430764331366370357e+01
5.334929235186675811e+01
4.758190249677743822e+01
2.983900607776126890e+01
4.790311050871559928e+01
3.604800034570024536e+01
3.918287358398831799e+01
4.233803897295599938e+01
5.461623141988766861e+01
4.870936377037553910e+01
3.970779583797593659e+01
2.145196616492625097e+01
3.382166965203607845e+01
3.701804991811351897e+01
6.499472851378470750e+01
4.968233117447041991e+01
2.492250474006429073e+01
6.250977949231978670e+01
5.330644210247572801e+01
4.718797624946979852e+01
5.049703600089884503e+01
3.799526142362107350e+01
4.764728864014326604e+01
4.142718895481613117e+01
4.475708028476481104e+01
3.207168020525870844e+01
4.504370790514451528e+01
3.550418397734549103e+01
3.561694275553469424e+01
4.222607771752528549e+01
3.258420624985706127e+01
3.268686012667033225e+01
5.574224710913726710e+01
4.933844174246495839e+01
4.619309730967835037e+01
2.647830354568309019e+01
2.988064939796348085e+01
5.994646769388791085e+01
1.670324578272600391e+01
2.345658985210866732e+01
3.025112221494367759e+01
5.057298109595019753e+01
3.043646961129781658e+01
1.696064594702738404e+01
4.763401312249397535e+01
4.436549850460539801e+01
5.134548549936913986e+01
3.090000949606893599e+01
6.198545634713179453e+01
5.871695174894701097e+01
2.424967831455265710e+01
5.559264761739117233e+01
8.363616575533345099e+01
4.543680444276319008e+01
3.154892329237765836e+01
5.625170161397375779e+01
4.231229820739035574e+01
3.536316181504205503e+01
6.383889191800139429e+01
3.556891390948811704e+01
4.637327242689292461e+01
3.935200620505473523e+01
3.946505293854528418e+01
5.756808805836391940e+01
2.525792598816387624e+01
3.256686699240104588e+01
5.443203288689819175e+01
5.094682840448516004e+01
2.554518050933472395e+01
2.561691279218177186e+01
2.201880822228572754e+01
2.208023097522966438e+01
5.166378201290178396e+01
7.771041838965012971e+01
5.195002691661606065e+01
4.837209302325581461e+01
4.477365593312559611e+01
2.993071443753169092e+01
4.876994170016364194e+01
5.266410558635845973e+01
7.166615084375041533e+01
2.647453441017324849e+01
2.654569860379945823e+01
5.323362021823461276e+01
3.431297281252228260e+01
3.058156610665675856e+01
6.899095740427918599e+01
3.458662186811854156e+01
4.623691993865806893e+01
5.408461577995117864e+01
4.260617211243938129e+01
1.553352444305828506e+01
5.061504379187755376e+01
3.513185658633106101e+01
3.913605112621819870e+01
3.923661246782592826e+01
3.933707890152224707e+01
6.704366351586257622e+01
5.139903843593369714e+01
4.360168549155422113e+01
1.986898499949838381e+01
3.983794298530848010e+01
2.795646959599122283e+01
4.003758104624196790e+01
4.013724390495025318e+01
5.633152170824185134e+01
2.823537636925066252e+01
5.256627363681928955e+01
4.053482968846410017e+01
2.031697737719811414e+01
4.480626631723963982e+01
5.716462173345213671e+01
4.502373012194296109e+01
2.872053924446338158e+01
3.290232475344706842e+01
4.947162653803164289e+01
5.372209639159229511e+01
3.313832596177922341e+01
4.982521019169978160e+01
2.913329437385838361e+01
5.840360006960910511e+01
3.763314318378126444e+01
5.029467644966150175e+01
4.621071081360575761e+01
2.947498620062456354e+01
2.110219396872908248e+01
2.961107166213617603e+01
2.543913099008975109e+01
3.399635964009646472e+01
4.259222416397888367e+01
2.988221251918248811e+01
3.850686152359386938e+01
3.430544298318014285e+01
3.438246457564991232e+01
4.307423226306385544e+01
3.021918058015280195e+01
3.461292597632748880e+01
2.168096519827020430e+01
2.172878819923326077e+01
2.177654756748559350e+01
3.928363764686840653e+01
6.561562423984858583e+01
2.191944223808104653e+01
4.393389091411782488e+01
2.201438425189687820e+01
3.971116525189192714e+01
4.421813594737761832e+01
3.988136269249844190e+01
2.664419067313111000e+01
4.450121338097234513e+01
2.675718702006426497e+01
4.022035120783279183e+01
6.269636148213116655e+01
3.590145605921224359e+01
4.497039300368334125e+01
6.308936735063925738e+01
3.160999954661122757e+01
2.262515891912925881e+01
1.813734414801553285e+01
5.906715029153183139e+01
4.552904473067962243e+01
4.562168582036871811e+01
4.114277309881249778e+01
3.664525108538401810e+01
2.294939998372205991e+01
2.759454013049242249e+01
2.304143206958793044e+01
3.232228386965648070e+01
4.163974291169493824e+01
6.953689936738688004e+01
2.786960782306985251e+01
6.050280703840342511e+01
4.196858001101162472e+01
2.803365001352949193e+01
3.276952243155587041e+01
5.628517823639757722e+01
1.879795377286885127e+01
3.295971726656038214e+01
2.830535532294020840e+01
3.781258322016388718e+01
6.629800788726281269e+01
2.372278196038918097e+01
4.753526001577881033e+01
2.857488428578210815e+01
3.817136335273823988e+01
3.346241499754838600e+01
3.352478034013067543e+01
4.318333466272386545e+01
3.845621401117426785e+01
3.371122693472756993e+01
2.894841949844769147e+01
5.316924429438921607e+01
4.842382644608466080e+01
3.880945090568668121e+01
4.373967282992607863e+01
5.355602252079410164e+01
2.438739097330315886e+01
4.886210078633051523e+01
3.915939817155211955e+01
3.922897651762440319e+01
3.929841393577786590e+01
4.920963578561652341e+00
4.436646607191708114e+01
5.432056067293253676e+01
2.968103801550378051e+01
3.964342179172405167e+01
6.453195688595695856e+01
1.989018507759036325e+01
2.988645715964356953e+01
2.993751694172486566e+01
5.497883437290428787e+01
2.503272479970107867e+01
4.513493836108371937e+01
2.009368034345146015e+01
2.515912706363094742e+01
3.528146138635582929e+01
3.029141869395715503e+01
2.528454032898185133e+01
4.052178578019224631e+01
2.536757421513583566e+01
4.573604254936725511e+01
3.054015465310818200e+01
1.529473261788825056e+01
2.042574934660949637e+01
1.022920938838712601e+01
3.073647475046618638e+01
3.078516077275591201e+01
5.138947190934530340e+00
2.573503224826647795e+01
2.062014944839699027e+01
5.163039370869244493e+01
3.619708332652068350e+01
2.589477186846226431e+01
2.074746471283550164e+01
2.077898679817135275e+01
2.081038121704951394e+01
3.126246805851016219e+01
1.043638830133391515e+01
2.090377218157307837e+01
1.570097198751040501e+01
3.668935401053958145e+01
2.099591675151230064e+01
1.051317056478390377e+01
2.105661521889435406e+01
2.108673588541650901e+01
3.167504988655407061e+01
3.171975608931155222e+01
2.647018117816809735e+01
2.650702394004995455e+01
2.654365399140581872e+01
2.126405349653751031e+01
2.129300641803664718e+01
2.132177823772761727e+01
3.736313902899536288e+01
5.879159910261178368e+01
1.070348436948756188e+01
4.286995483511459071e+01
1.073139261924212917e+01
2.149038801530104692e+01
2.689722685237339306e+01
2.154496129204272137e+01
2.157192301892836994e+01
3.779765877084319925e+01
1.621888058280056555e+01
2.706431776868742034e+01
3.793562100211848787e+01
2.712912472099712602e+01
4.345771096207480610e+01
2.719269978452379632e+01
1.633440579974072904e+01
3.270599104575132543e+01
2.182851347033632905e+01
1.638957053958482035e+01
0.000000000000000000e+00
1.095020844858967912e+01
1.096190737188276465e+01
1.097345911788986683e+01
1.098486081246036861e+01
1.099610954017776088e+01
5.503601172253130613e+00
2.203627245593391848e+01
3.860117853318280368e+01
2.759878759722122155e+01
2.209990753728240520e+01
3.318066354798453688e+01
4.428125632953891966e+01
2.216045845994125330e+01
2.772490837173479861e+01
2.219902624673125047e+01
1.110887520079256241e+01
1.667706928540421529e+01
2.225404532821758607e+01
2.227160231641551036e+01
3.900532360427570211e+01
1.672912525852909482e+01
1.674137038161406466e+01
2.792216203870728464e+01
3.911810076731685371e+01
1.118411613045406838e+01
1.119140884925232982e+01
2.239694929053988659e+01
3.921858415515889362e+01
1.121191040084619317e+01
1.121827275597378559e+01
5.612196490773011526e+00
1.684540081462414562e+01
1.123589154856781569e+01
0.000000000000000000e+00
2.811593719062492269e+01
2.250245194228793366e+01
1.688371708703971663e+01
1.126012714287860028e+01
1.689625382312530988e+01
5.633966791959178266e+00
1.127141621009249128e+01
1.691191956600841451e+01
1.691628003857642071e+01
5.640066543484764772e+00
1.692367222937867055e+01
1.128446114392628630e+01
2.821541994346393878e+01
1.693134685441493303e+01
1.128864683775910294e+01
1.693411605272617138e+01
1.693477812993022269e+01
3.951488423373756120e+01
2.257950230905969491e+01
2.257840146087552924e+01
1.128831161706392372e+01
1.128707979549099960e+01
1.692825189714202239e+01
1.692535806632890072e+01
2.256257635177274778e+01
1.127864572688302758e+01
2.255128158376732728e+01
3.945294323465518005e+01
5.634263997692760206e+00
1.126441248364712600e+01
2.814979797650142856e+01
5.064769974068465785e+01
1.124978438590722796e+01
3.373240664157540181e+01
2.247618855685572825e+01
2.246331407707258521e+01
1.683723051053865660e+01
3.365274226030787474e+01
1.681490236019260820e+01
1.680281923764151486e+01
2.798352816192605985e+01
2.796131762550039213e+01
2.235044748640693157e+01
4.466199325017590382e+01
3.904371731202647311e+01
3.900669269133894090e+01
3.340128039001196925e+01
3.336695239158706272e+01
2.777609680319275753e+01
2.774530343029691437e+01
3.325608893877861050e+01
6.643296721798787985e+01
3.317554140138997099e+01
6.074430247410209205e+01
2.205974732090770729e+01
2.753719239399715235e+01
5.499713351645841897e+01
1.647528178463885951e+01
1.096715882377261053e+01
6.022685971014362849e+01
4.919875987054299316e+01
3.274594934537812918e+01
5.993412214115610936e+01
4.895301045957848629e+01
3.257794964722789643e+01
4.877874779392135451e+01
5.950813948599058278e+01
3.779697624190068694e+01
3.772350555200683431e+01
7.529680664953333746e+01
6.440857612794739850e+01
5.356186306420391929e+01
4.275806671985155560e+01
3.733168346278834804e+01
4.789084018400015452e+01
7.963618742031677300e+01
5.296722140367668175e+01
6.340960667958891861e+01
3.162788983947203647e+01
3.680786220131139430e+01
2.622493885426683846e+01
3.138888593971564589e+01
2.087098621111423924e+01
2.601892701256998564e+01
2.075839423561627228e+01
3.105112270977848610e+01
4.644497028257434579e+01
2.572847607148763061e+01
2.565308663052138627e+01
2.046127996379861003e+01
3.569863280624818458e+01
2.033629186549049095e+01
3.547688521064717548e+01
5.051966866551835800e+00
1.510678790169083108e+01
3.513310927994547228e+01
2.501113861357252688e+01
2.492617148425782148e+01
1.987214960374433659e+01
9.901278345181719232e+00
1.973216727620037503e+01
1.474574284857297179e+01
9.794517815013760398e+00
1.951631241208229994e+01
1.458212303442289581e+01
4.842150172461943569e+00
9.646816377015419164e+00
9.608968780844701740e+00
4.785381502608917259e+00
4.766102308315512737e+00
1.423994894452085802e+01
1.418107925606254049e+01
9.414471141357381612e+00
0.000000000000000000e+00
9.334326168636037480e+00
4.646887604580788533e+00
9.252913640290252317e+00
0.000000000000000000e+00
1.375542651489447010e+01
4.564264833253273146e+00
9.086490475795960364e+00
4.522086748561434888e+00
4.500792764890714892e+00
4.479366721252484140e+00
4.457812084781724415e+00
0.000000000000000000e+00
4.414331053884755107e+00
4.392411739756928668e+00
4.370377989380735073e+00
1.304470021165984406e+01
1.730392642061582364e+01
8.607252467557906073e+00
4.281170947039123043e+00
0.000000000000000000e+00
8.471950655558821097e+00
0.000000000000000000e+00
0.000000000000000000e+00
4.167524699225810814e+00
0.000000000000000000e+00
0.000000000000000000e+00
4.098374470840294492e+00
0.000000000000000000e+00
0.000000000000000000e+00
0.000000000000000000e+00
0.000000000000000000e+00
0.000000000000000000e+00
3.958376279957417587e+00
0.000000000000000000e+00
3.911315586266137068e+00
3.887727731075397930e+00
1.159231911004460791e+01
3.840455103870488163e+00
3.816777512261836591e+00
7.586154304071172305e+00
0.000000000000000000e+00
3.745622229885471555e+00
0.000000000000000000e+00
0.000000000000000000e+00
0.000000000000000000e+00
7.301185554136805145e+00
7.253660792443683114e+00
3.603072702103327529e+00
0.000000000000000000e+00
3.555584482572177851e+00
7.063720837731140456e+00
0.000000000000000000e+00
3.484468248566273019e+00
3.460806367883718870e+00
0.000000000000000000e+00
0.000000000000000000e+00
0.000000000000000000e+00
0.000000000000000000e+00
6.685919473463632912e+00
0.000000000000000000e+00
6.592182663353241878e+00
6.545452522931642925e+00
0.000000000000000000e+00
6.452295649767816776e+00
3.202939689248260002e+00
9.539367042736154545e+00
0.000000000000000000e+00
0.000000000000000000e+00
0.000000000000000000e+00
6.175620032462677322e+00
0.000000000000000000e+00
3.042227696750160693e+00
0.000000000000000000e+00
2.996940722909982480e+00
0.000000000000000000e+00
0.000000000000000000e+00
0.000000000000000000e+00
2.907319581585438684e+00
0.000000000000000000e+00
2.863016748715705440e+00
0.000000000000000000e+00
5.638143867954139132e+00
0.000000000000000000e+00
0.000000000000000000e+00
0.000000000000000000e+00
5.464620132952475728e+00
2.710863681807643477e+00
5.379035724878263203e+00
2.668273988778611550e+00
0.000000000000000000e+00
5.252194716855945522e+00
5.210334244001155746e+00
0.000000000000000000e+00
5.127257505843588525e+00
2.543022858982938672e+00
2.522527241394085795e+00
0.000000000000000000e+00
0.000000000000000000e+00
0.000000000000000000e+00
0.000000000000000000e+00
4.843473867510026842e+00
2.401922542472652022e+00
2.382224546539988719e+00
2.362643650579756116e+00
7.029541555914182283e+00
0.000000000000000000e+00
4.609220007736991143e+00
4.571007503824841223e+00
2.266517527003844013e+00
0.000000000000000000e+00
2.228907004329176100e+00
4.420567076819232000e+00
4.383563529109291146e+00
2.173402010518561855e+00
2.155144569989324133e+00
2.137009703258549997e+00
0.000000000000000000e+00
2.101108569403329795e+00
4.166685323841186062e+00
6.197100146582569025e+00
0.000000000000000000e+00
2.030785090127353421e+00
2.013512863736289127e+00
1.996364171661462628e+00
0.000000000000000000e+00
1.962437323117265375e+00
3.891318133587910566e+00
1.929004146378404227e+00
0.000000000000000000e+00
1.896063836343594877e+00
1.879778148509916313e+00
0.000000000000000000e+00
1.847574789025175246e+00
1.831656683649303785e+00
1.815860636547331097e+00
0.000000000000000000e+00
1.784633620566002499e+00
0.000000000000000000e+00
1.753891352886917776e+00
0.000000000000000000e+00
0.000000000000000000e+00
1.708680898972810835e+00
0.000000000000000000e+00
1.679138136343135468e+00
3.329089563618551573e+00
4.950208581646667660e+00
0.000000000000000000e+00
1.621471478207161532e+00
1.607347729958084059e+00
1.593340174973614909e+00
0.000000000000000000e+00
1.565671598102334805e+00
1.552009523701294968e+00
0.000000000000000000e+00
0.000000000000000000e+00
0.000000000000000000e+00
0.000000000000000000e+00
0.000000000000000000e+00
0.000000000000000000e+00
0.000000000000000000e+00
0.000000000000000000e+00
2.868232925760016094e+00
4.264707789662287141e+00
0.000000000000000000e+00
0.000000000000000000e+00
2.769148082181369208e+00
0.000000000000000000e+00
0.000000000000000000e+00
0.000000000000000000e+00
0.000000000000000000e+00
0.000000000000000000e+00
2.626867937095598737e+00
2.603878121694769732e+00
0.000000000000000000e+00
2.558506529984887035e+00
1.268061010868891447e+00
0.000000000000000000e+00
