0.000000000000000000e+00
2.101553233019926470e+00
1.048978405655594415e+00
0.000000000000000000e+00
0.000000000000000000e+00
0.000000000000000000e+00
0.000000000000000000e+00
0.000000000000000000e+00
8.938241369940172376e+01
1.131316118141574094e+02
4.115020002067927294e+02
5.041435993889210749e+02
4.787070227851119171e+02
4.946605406962256666e+02
5.023459197354872572e+02
6.027690563728804136e+02
5.280224708621846048e+02
5.706719995081066372e+02
5.896338334518146667e+02
5.911369284400558399e+02
5.516466344428471302e+02
5.552759546472677812e+02
5.364007250672467535e+02
5.615602014280171943e+02
5.703498344852505397e+02
5.883419372429880241e+02
6.073532669065676828e+02
6.488066815857919210e+02
6.718834491694815370e+02
7.459097966936906232e+02
8.107205963982551111e+02
9.314899780772047961e+02
1.045062770267034011e+03
1.144339860469500763e+03
1.285274006088802025e+03
1.433274371106212811e+03
1.452176150718054259e+03
1.460958690494804387e+03
1.427126069372230859e+03
1.395386630658935019e+03
1.263178485251599113e+03
1.225470023833373716e+03
1.121820096635345863e+03
1.107555514163410635e+03
1.111600814574876040e+03
1.102484738978844689e+03
1.007108752923126872e+03
9.828240623903914184e+02
1.021522164237658558e+03
9.769848267770869370e+02
1.009660785337572065e+03
1.040348211813685793e+03
1.056853918628673910e+03
1.045954825655073137e+03
1.109305580315948646e+03
1.176796999696739022e+03
1.135499317695973559e+03
1.157311509953343602e+03
1.191393765306627756e+03
1.223501613487979739e+03
1.246500320400523833e+03
1.274654746960408374e+03
1.246758954508480883e+03
1.252554430909754046e+03
1.259411914469370913e+03
1.274487779134858329e+03
1.230300158820954948e+03
1.206555002096772341e+03
1.238109426396655408e+03
1.242070396158105041e+03
1.225557577739802809e+03
1.225472689071400055e+03
1.164815243153857409e+03
1.255207233108872515e+03
1.272729936949732746e+03
1.241914181246537055e+03
1.268793350819004218e+03
1.205998247356239062e+03
1.272192637935771018e+03
1.358182530230085604e+03
1.375051235919640703e+03
1.342271806891333881e+03
1.445273940409529359e+03
1.455116050565842897e+03
1.493065351345250974e+03
1.532171447059770799e+03
1.560985550897376243e+03
1.676431904600710141e+03
1.603258790144375553e+03
1.692972159870868836e+03
1.788170923411124704e+03
1.898309539078156149e+03
1.833588064649481566e+03
1.946242007308370603e+03
1.949852376574217942e+03
1.954564421127308378e+03
1.974091350536486516e+03
1.866991539914753048e+03
1.898158480978420357e+03
1.814021720140726302e+03
1.676653056895911732e+03
1.627066733029046873e+03
1.410374273418522307e+03
1.434866938054067077e+03
1.312233710156868256e+03
1.125136728135069006e+03
1.133319833072747997e+03
1.060086018451690506e+03
1.000593421069330816e+03
8.817816780506385612e+02
8.800012259698842172e+02
8.383101028149841341e+02
7.910895088889791396e+02
7.469694571824140894e+02
7.569316717534142072e+02
6.974161844436438287e+02
7.160557046115434332e+02
7.053379444614970453e+02
6.629210154549396066e+02
6.772544977658687912e+02
5.951921626674429717e+02
5.930006648290444673e+02
5.787074593524272359e+02
6.062555958721591196e+02
6.173513211287003060e+02
5.753857998635771764e+02
6.064374509178047674e+02
6.698329556790150718e+02
6.054888941302260719e+02
5.743546185388714775e+02
6.213277667654912193e+02
5.755586696053279638e+02
5.632719042863005825e+02
5.239568401048445594e+02
5.295536535995762506e+02
5.329222642058759902e+02
5.453632322831623469e+02
4.920991874608998842e+02
5.033821970795774519e+02
5.295236319279624695e+02
4.987226765024059887e+02
5.341298095429124260e+02
5.066539011395905732e+02
4.928474169541937613e+02
5.400089379434240300e+02
4.708341773781708071e+02
5.193266701170451825e+02
4.787816745014737307e+02
5.182295586021325562e+02
4.984683348419272875e+02
4.984650966815809738e+02
5.218688288612804627e+02
4.773611090040769795e+02
5.114161903710116803e+02
4.607878181497480341e+02
4.926127938726320963e+02
4.807811255894143869e+02
4.677089135577904813e+02
4.676665289552983609e+02
4.795571044910411729e+02
4.974899717502232761e+02
4.579702149736762067e+02
4.687350789270503810e+02
4.663037002537786861e+02
4.614475428036298013e+02
4.577810859395402190e+02
4.905241962737575818e+02
4.893550376995874558e+02
4.149557114873617252e+02
4.025773969803116188e+02
4.134470081549814608e+02
4.477479082049242720e+02
4.674329788995721060e+02
4.377609841460352982e+02
4.414109404592689430e+02
4.463262880751747730e+02
4.749561321951635477e+02
4.312445992363379332e+02
4.374330175663878322e+02
4.197779602474680587e+02
4.347951895369272393e+02
4.258860418668616603e+02
4.410075098807627114e+02
4.371532873786506457e+02
4.371024944100357175e+02
3.897697418207750957e+02
4.613548846760763809e+02
4.575221753687667956e+02
4.575359086520093683e+02
3.980955712687667756e+02
3.694250754535323154e+02
4.328881255551289087e+02
4.458743479304246193e+02
4.327870875567883786e+02
4.196247958429209461e+02
4.629388204088597831e+02
4.326427476603444120e+02
4.114295310436602904e+02
4.206090636202467863e+02
4.458135214373799613e+02
4.111051788574478678e+02
4.538375588902520121e+02
4.028331155299725310e+02
4.363718530087386966e+02
4.012181573886028332e+02
4.173417410247039925e+02
4.580285170535640873e+02
4.457962179517916752e+02
3.528083118665942379e+02
4.416821832385476228e+02
4.279112486890873583e+02
4.030137232243981202e+02
5.205624384920546390e+02
4.027497485408586613e+02
4.318724834912446227e+02
4.444078792508599349e+02
4.009457826252416339e+02
4.429955047490994957e+02
4.486308801193360409e+02
4.500559807410407984e+02
4.415513758513706648e+02
4.700242421134167898e+02
4.858192227269138925e+02
4.458097766879225787e+02
4.328655713328336674e+02
4.515773301451241650e+02
4.385665744753417243e+02
4.356353252179407036e+02
4.661917043697152963e+02
4.750227543750456789e+02
5.015074349338736965e+02
4.590180622583155241e+02
4.679096645665272263e+02
4.724160408590981888e+02
5.586715946496186689e+02
5.023853882137834148e+02
5.638847230188259800e+02
5.717673172752591881e+02
5.541036393025684674e+02
6.314976288125703832e+02
5.987536707389594994e+02
5.855592319856241375e+02
6.821501216935756702e+02
6.094262210883837270e+02
6.606560307409711186e+02
7.291891485258710190e+02
6.775298991822417065e+02
7.450304911603394658e+02
7.429041191933772552e+02
7.282575077698353425e+02
7.244839203675344379e+02
8.119461363214079483e+02
8.273752675923767583e+02
7.906212372768767409e+02
8.028952901511487426e+02
8.375858319057043673e+02
8.757147871211664096e+02
7.727314489911029796e+02
8.657026244665298691e+02
8.703429373986915607e+02
8.750105683094611777e+02
8.552693640482184492e+02
8.272101481398178748e+02
8.908190623399484593e+02
9.005418710849555737e+02
9.218924041673992633e+02
8.986224937011055545e+02
8.851646568290719870e+02
8.682657063942241393e+02
8.612945492947884532e+02
9.433939459038823543e+02
8.995005024596817975e+02
8.417378697233932598e+02
8.923358095738187785e+02
9.535239274725616951e+02
8.542270048550290085e+02
8.452651746419981009e+02
8.707159450203182587e+02
8.669263030070732157e+02
7.762710052453014669e+02
7.668703102394750886e+02
7.503984500165913687e+02
8.075321159713156476e+02
8.051696925879492710e+02
7.833323619119908017e+02
7.364841481791058868e+02
7.854683057917485485e+02
7.382724569605195484e+02
6.835493306680542673e+02
6.482273595812088161e+02
6.397491980737023596e+02
6.819893468173344218e+02
6.826622080788030189e+02
6.796791301242643613e+02
6.840025902378586125e+02
6.754673790203695489e+02
5.985138061542861578e+02
6.229607668662546303e+02
6.308334973994509483e+02
6.947890321071339486e+02
6.504827069078636441e+02
7.168508201043314330e+02
6.836143001166989279e+02
7.240455350300320561e+02
7.742799774529486285e+02
7.675945683493322349e+02
7.704335632303286729e+02
8.252219642449795174e+02
8.012479586838909427e+02
9.825012739020683057e+02
1.021155129807561934e+03
9.761365582738097828e+02
9.875978236324289128e+02
1.073870883234051007e+03
1.091679558383521453e+03
1.143292175755675089e+03
1.205219431989170062e+03
1.233657869912300384e+03
1.176136571692745747e+03
1.262970747747592668e+03
1.352455574862251069e+03
1.203510085213909178e+03
1.305611264906907763e+03
1.249241217969680747e+03
1.305120920594981044e+03
1.312045239726023055e+03
1.292169885393651612e+03
1.294919443274957757e+03
1.237363829155892972e+03
1.246156894372389388e+03
1.271760160741685013e+03
1.131402369003292051e+03
1.186286315631034313e+03
1.082661213986893472e+03
1.014398433208212737e+03
1.075819075963289833e+03
9.084332847185870605e+02
8.838679926357626755e+02
8.310451266461622026e+02
8.211476058499664532e+02
7.480978741668053544e+02
7.246958842869739783e+02
6.616710383023071245e+02
6.025636350212407706e+02
6.246771599215344395e+02
4.829944577675499318e+02
4.714520900438283775e+02
4.151740976870207191e+02
3.607100957207668444e+02
2.968389895598962198e+02
2.821441545021389175e+02
3.035842764328522776e+02
2.455901971481427495e+02
2.054196121390562553e+02
1.672375006430886231e+02
1.264690228741571048e+02
1.223227465550128272e+02
1.320429653149537330e+02
1.488087906054163057e+02
1.050191335929938958e+02
1.124355182302948890e+02
8.934109823853775367e+01
5.427501113820401457e+01
7.105533505918873516e+01
5.229984352505738343e+01
6.919534223506347814e+01
5.508161960373513466e+01
5.047739947094927260e+01
3.618816176120652273e+01
5.327141937864673338e+01
3.159438928607523422e+01
3.902835849810864488e+01
4.406818130160374380e+01
2.702938848280226480e+01
3.945962810582427238e+01
5.445574171715186651e+01
2.484319651051487554e+01
2.244062313456672442e+01
2.752760521715289599e+01
2.511640452328561679e+01
2.016636037326319908e+01
2.276975844439788688e+01
1.777422222584861089e+01
2.293559265351045440e+01
1.534588023378953814e+01
2.566916972081676107e+01
3.091451740042727891e+01
2.068419949950135006e+01
2.335376006909999091e+01
1.822955017838975778e+01
2.613602400912662205e+01
2.098403887366807297e+01
5.264857230865310100e+00
7.925620361548655346e+00
1.325669578261295278e+01
7.982476510016780935e+00
8.010996816105386387e+00
8.039577714671052533e+00
1.613643705252205152e+01
1.889280998550601964e+01
1.354279523293607213e+01
2.446348065626838775e+01
1.636673419691537035e+01
1.094972942570866081e+01
2.197675399794958651e+01
8.270323417331347571e+00
2.766472782354606963e+01
5.552377870980896191e+00
1.671553611653007110e+01
1.118269514657833064e+01
5.610883975903796284e+00
8.445681117412934924e+00
2.260022950162053945e+01
1.984392675692308927e+01
1.137872303631412940e+01
1.141812267647461887e+01
1.718637690647509686e+01
1.437138472468830663e+01
2.884172789294169092e+01
8.682250264246349047e+00
2.613607719551754371e+01
8.741843974866606359e+00
1.754340838788744961e+01
1.466934264372618024e+01
2.060694380640093115e+01
1.476921443788790000e+01
8.891548725311126944e+00
1.784321343629153844e+01
1.193560243110450614e+01
2.694549966115252460e+01
2.403200023046682787e+01
2.109847039137832425e+01
1.814487384555257066e+01
9.102705236647944176e+00
2.131034664953929791e+01
6.108891667380913937e+00
1.838739956993678604e+01
9.224091723282565880e+00
1.850902495905675949e+01
0.000000000000000000e+00
6.210291396808803377e+00
2.803781783257232618e+01
6.250977949231979025e+00
1.567836532425756779e+01
1.258346033319194568e+01
3.156064750056178170e+01
1.266508714120702450e+01
2.223540136540018963e+01
1.274682737071265493e+01
1.918160583632777616e+01
2.565734416420696817e+01
1.286963083004128983e+01
9.682959266548770927e+00
1.942742332120074522e+01
1.948895894655013095e+01
6.516841249971412786e+00
1.307474405066813183e+01
2.951060141071973320e+01
1.315691779799065486e+01
2.309654865483917519e+01
2.316851560247270569e+01
1.328028862131710319e+01
6.660718632654212712e+00
1.002194746963560235e+01
1.340376562977638208e+01
2.352865061162285798e+01
6.743064146126692471e+00
1.014548987043260553e+01
1.696064594702738404e+01
1.360971803499827892e+01
2.047638392520249084e+01
6.846064733249218826e+00
2.060000633071262399e+01
1.033090939118863361e+01
1.381575335269341309e+01
2.078543855533084894e+01
2.432178333260863923e+01
3.484840239805560458e+00
2.446597162302633421e+01
1.402174368550118189e+01
7.031462701746719723e+00
1.410409940246345073e+01
1.060894854451261615e+01
7.093210213111265539e+00
1.778445695474405852e+01
1.070152440620605994e+01
2.504218576685301301e+01
2.870185668257838785e+01
1.079401651094323533e+01
2.886620112933014326e+01
2.171124466160069844e+01
1.088640657737963835e+01
2.183435503049364002e+01
1.459724600533412797e+01
1.829779485155840746e+01
7.339602740761908883e+00
2.576026947110127452e+01
1.107081043133609732e+01
1.480198445517145345e+01
2.226429724997831272e+01
2.604651162790697683e+01
3.358024194984419353e+01
1.122401791407438409e+01
1.500613590774266193e+01
1.128516548279109699e+01
3.771902675986863684e+00
1.512830537724185653e+01
1.516897063074254781e+01
1.140720433247884635e+01
1.143765760417409361e+01
1.529078305332838106e+01
1.533132386761759669e+01
1.152887395603951148e+01
1.541230664621935631e+01
2.317912104855050615e+01
1.936644186929062528e+01
2.330028666458742848e+01
1.946732453533751794e+01
1.951769810351725454e+01
2.348163067573091922e+01
1.569464498713037237e+01
7.867415780304449768e+00
3.943744912697798810e+00
2.372263312427709181e+01
2.378273754084775859e+01
1.589518799959870599e+01
3.187035438824678124e+01
1.597512548342355565e+01
1.601503241849678716e+01
1.204117317148507560e+01
1.609472048806910038e+01
2.420175117364342299e+01
8.087119021049121059e+00
4.053482968846410017e+00
1.625358190175849060e+01
2.036648468965438141e+01
0.000000000000000000e+00
8.186132749444174905e+00
1.641173671112193233e+01
8.225581188361767104e+00
2.473581326901582500e+01
1.652987581279763063e+01
4.142290745222402926e+00
8.304201698616630267e+00
1.664759678506193197e+01
2.503011431554676136e+01
1.672584141501389610e+01
2.514733822483075087e+01
1.680389484131118394e+01
1.684284925749975059e+01
2.110219396872908248e+01
1.269045928377264687e+01
1.271956549504487555e+01
2.124772477506029134e+01
3.407377933118311120e+01
8.537775005480710888e+00
1.283562050786462372e+01
1.286454111869255357e+01
0.000000000000000000e+00
3.445938581045108151e+01
8.634051594329372747e+00
2.163307873520468050e+01
2.168096519827020430e+01
8.691515279693303953e+00
1.306592854049135610e+01
1.309454588228947003e+01
2.187187474661619291e+01
2.630333068569725441e+01
1.318016727423534817e+01
0.000000000000000000e+00
8.824703389309318524e+00
8.843627189475522954e+00
1.329378756416614671e+01
0.000000000000000000e+00
1.335036401429170283e+01
8.919062340021421065e+00
2.681356747188852552e+01
8.956623068875881444e+00
1.346304602220459223e+01
1.349111790110500131e+01
0.000000000000000000e+00
1.806285688377784382e+01
2.262515891912925881e+01
1.813734414801553285e+01
1.817450778200979400e+01
2.731742683840777275e+01
2.737301149222122731e+01
9.142838466402777087e+00
1.832262554269200905e+01
3.671903997395529728e+01
3.219363015224116253e+01
9.216572827835172177e+00
1.846987649694656142e+01
2.775982860779662786e+01
9.271586582318251502e+00
2.322467318589154672e+01
9.308124159754372684e+00
2.331587778389534549e+01
1.401682500676474596e+01
3.745088277892099882e+01
1.876172607879919241e+01
1.409846532965163846e+01
9.417062076160108930e+00
1.415267766147010242e+01
1.417971870756145769e+01
9.471143983894688034e+00
1.423366917623350858e+01
1.426057800473364345e+01
9.524961428594036050e+00
9.542840838184559971e+00
4.780344999649769555e+00
1.436776300291314712e+01
4.798148295858207568e+00
2.403513375698391741e+01
1.926355824841575526e+01
1.447420974922384573e+01
1.450070298937887792e+01
4.842382644608465903e+00
1.940472545284334061e+01
9.719927295539127599e+00
9.737458640144382116e+00
1.463243458398189567e+01
4.886210078633051346e+00
1.468477431433204572e+01
1.471086619410915119e+01
9.824603483944464699e+00
9.841927157123304681e+00
3.943685873059295943e+01
4.938232788448412514e+00
0.000000000000000000e+00
1.982171089586202584e+01
9.927993367070302000e+00
9.945092538795181625e+00
9.962152386547856509e+00
1.995834462781657592e+01
4.998075852082208392e+00
2.002617983976086435e+01
1.504497945369457312e+01
2.009368034345146015e+01
0.000000000000000000e+00
1.008041753895880710e+01
1.009713956465238560e+01
1.517072419738911115e+01
1.013044644504806158e+01
2.029405937210866995e+01
2.540891252742625639e+01
1.018005155103606008e+01
1.529473261788825056e+01
2.042574934660949637e+01
1.534381408258068902e+01
2.561372895872182198e+01
0.000000000000000000e+00
1.027789438186906068e+01
2.573503224826647440e+01
3.608526153469473030e+01
2.065215748347698010e+01
5.171011903788668818e+00
1.553686312107736001e+01
1.556059853462662623e+01
0.000000000000000000e+00
5.202595304262378484e+00
2.605205671542513457e+01
2.609097075333478699e+01
1.567782913617980967e+01
0.000000000000000000e+00
1.572400886165982037e+01
1.574693756363422459e+01
0.000000000000000000e+00
2.105661521889435406e+01
1.054336794270825450e+01
2.111669992436938159e+01
2.114650405954103718e+01
1.588210870690085841e+01
2.650702394004995455e+01
2.123492319312465426e+01
2.658006687067188878e+01
5.323251604509161794e+00
1.599133367829571206e+01
1.067518257971296158e+01
2.137876331004064667e+01
2.140696873897512376e+01
0.000000000000000000e+00
0.000000000000000000e+00
2.686298501912630954e+01
1.075889074094935793e+01
1.077248064602136068e+01
2.157192301892836994e+01
0.000000000000000000e+00
5.406293527600189108e+00
2.165145421494993627e+01
1.625812328662220807e+01
1.627747483259827632e+01
5.432213870259350763e+00
1.087707991380951889e+01
0.000000000000000000e+00
5.450998507625220313e+00
2.182851347033632905e+01
1.092638035972321298e+01
1.640754777116258367e+01
0.000000000000000000e+00
5.480953685941382325e+00
1.097345911788986683e+01
1.098486081246036861e+01
1.099610954017776088e+01
2.201440468901252245e+01
0.000000000000000000e+00
5.514454076168971319e+00
2.207903007777697724e+01
1.104995376864120082e+01
2.212044236532302577e+01
1.660547112357709665e+01
5.540114614985313324e+00
1.108996334869391909e+01
0.000000000000000000e+00
5.554437600396281205e+00
5.559023095134738135e+00
5.563511332054397407e+00
1.113580115820775518e+01
2.786094543162550252e+01
5.576375086176365237e+00
5.580456793871355181e+00
5.584432407741457105e+00
1.117660021923338753e+01
5.592058065227034191e+00
5.595704424626164908e+00
5.599237322634971648e+00
5.602654879308412994e+00
5.605955200423096585e+00
5.609136377986892796e+00
1.122439298154602305e+01
1.684540081462414562e+01
0.000000000000000000e+00
1.124126208298823393e+01
0.000000000000000000e+00
5.625612985571983415e+00
1.125581139135981168e+01
5.630063571439300141e+00
1.689625382312530988e+01
0.000000000000000000e+00
1.127141621009249128e+01
5.637306522002804243e+00
0.000000000000000000e+00
0.000000000000000000e+00
5.641224076459556258e+00
0.000000000000000000e+00
5.643083988692787933e+00
1.128756456960995536e+01
1.128864683775910294e+01
0.000000000000000000e+00
2.257970417324029455e+01
2.257993384785003599e+01
0.000000000000000000e+00
5.644600365218882310e+00
1.693246742559588469e+01
1.128707979549099960e+01
1.128550126476134885e+01
5.641786022109633869e+00
5.640644087943186946e+00
5.639322863441513789e+00
1.127564079188366364e+01
5.636134747807882484e+00
0.000000000000000000e+00
5.632206241823562998e+00
5.629959595300285891e+00
5.627522193409405737e+00
5.624892192953613979e+00
1.686620332078770090e+01
1.685714141764179530e+01
0.000000000000000000e+00
0.000000000000000000e+00
2.804395188358989444e+01
2.241986981359014308e+01
5.600939745880505249e+00
1.119341126477042359e+01
5.592263525100078958e+00
1.676283561480519779e+01
5.582749156271987978e+00
1.115534780343613619e+01
2.228953868076510858e+01
1.670064019500598462e+01
1.112231746386235542e+01
2.222087744255420461e+01
2.219624274423753008e+01
3.879877042857504676e+01
1.107216120299798057e+01
5.529256900231661831e+00
1.656662794748238809e+01
2.205974732090770729e+01
5.507438478799429937e+00
2.749856675822920948e+01
2.196704237951847816e+01
1.096715882377261053e+01
1.095033812911702320e+01
5.466528874504776425e+00
4.366126579383750794e+01
1.634566967486075839e+01
1.087844676879521977e+01
3.800760792176588154e+01
1.625958259797378602e+01
3.245898517417668216e+01
1.079913606911448198e+01
2.155628888686105071e+01
3.764840332476666163e+01
4.293905075196493470e+01
1.071237261284078457e+01
4.275806671985155560e+01
1.066619527508238541e+01
2.128481785955562700e+01
2.123631664541780495e+01
1.589016642110300381e+01
1.056826777993148703e+01
1.581394491973601824e+01
3.154959617255262572e+01
1.573496331256010272e+01
2.615740494976303765e+01
2.608873276389279994e+01
1.561135620754199138e+01
3.632718991232847827e+01
1.035037423659282929e+01
1.032110450723874351e+01
1.543708564289257801e+01
2.052246930441710759e+01
2.046127996379861003e+01
1.019960937321376804e+01
1.525221889911786910e+01
3.040875875198329581e+01
3.536376806586285682e+01
2.014238386892110810e+01
1.003803122284156224e+01
0.000000000000000000e+00
4.985234296851563940e+00
1.490411220280825333e+01
9.901278345181719232e+00
1.479912545715028038e+01
0.000000000000000000e+00
4.897258907506880199e+00
0.000000000000000000e+00
4.860707678140965271e+00
1.452645051738583071e+01
4.823408188507709582e+00
1.441345317126705261e+01
9.570763005217834518e+00
9.532204616631025473e+00
9.493299296347238680e+00
0.000000000000000000e+00
4.707235570678690806e+00
0.000000000000000000e+00
9.334326168636037480e+00
0.000000000000000000e+00
0.000000000000000000e+00
9.211747857189129363e+00
4.585142171631489738e+00
0.000000000000000000e+00
4.543245237897980182e+00
1.356626024568430466e+01
0.000000000000000000e+00
8.958733442504968281e+00
4.457812084781724415e+00
0.000000000000000000e+00
4.414331053884755107e+00
8.784823479513857336e+00
4.370377989380735073e+00
1.304470021165984228e+01
0.000000000000000000e+00
0.000000000000000000e+00
4.281170947039123043e+00
8.517238833719000368e+00
0.000000000000000000e+00
0.000000000000000000e+00
0.000000000000000000e+00
0.000000000000000000e+00
4.144547401431596612e+00
0.000000000000000000e+00
4.098374470840294492e+00
0.000000000000000000e+00
4.051935204649437239e+00
0.000000000000000000e+00
8.010518569608526818e+00
0.000000000000000000e+00
0.000000000000000000e+00
0.000000000000000000e+00
0.000000000000000000e+00
0.000000000000000000e+00
0.000000000000000000e+00
0.000000000000000000e+00
3.816777512261836591e+00
0.000000000000000000e+00
3.769357555697687712e+00
0.000000000000000000e+00
0.000000000000000000e+00
0.000000000000000000e+00
0.000000000000000000e+00
0.000000000000000000e+00
3.626830396221841557e+00
3.603072702103327529e+00
3.579322980985157443e+00
0.000000000000000000e+00
0.000000000000000000e+00
0.000000000000000000e+00
0.000000000000000000e+00
3.460806367883718870e+00
3.437171371782301144e+00
3.413566268333982023e+00
0.000000000000000000e+00
0.000000000000000000e+00
0.000000000000000000e+00
3.319503401978855184e+00
0.000000000000000000e+00
3.272726261465821462e+00
0.000000000000000000e+00
3.226147824883908388e+00
0.000000000000000000e+00
0.000000000000000000e+00
0.000000000000000000e+00
0.000000000000000000e+00
3.110706426242803246e+00
3.087810016231338661e+00
3.064983026383401921e+00
0.000000000000000000e+00
3.019546216320661891e+00
0.000000000000000000e+00
0.000000000000000000e+00
2.951965992132662198e+00
0.000000000000000000e+00
2.907319581585438684e+00
0.000000000000000000e+00
2.863016748715705440e+00
0.000000000000000000e+00
0.000000000000000000e+00
2.797238073792428725e+00
0.000000000000000000e+00
2.753855587217775902e+00
0.000000000000000000e+00
2.710863681807643477e+00
0.000000000000000000e+00
2.668273988778611550e+00
0.000000000000000000e+00
2.626097358427972761e+00
0.000000000000000000e+00
0.000000000000000000e+00
2.563628752921794263e+00
2.543022858982938672e+00
0.000000000000000000e+00
0.000000000000000000e+00
0.000000000000000000e+00
0.000000000000000000e+00
0.000000000000000000e+00
2.421736933755013421e+00
0.000000000000000000e+00
9.528898186159954875e+00
2.362643650579756116e+00
2.343180518638060761e+00
2.323835774809102972e+00
0.000000000000000000e+00
0.000000000000000000e+00
0.000000000000000000e+00
0.000000000000000000e+00
2.228907004329176100e+00
2.210283538409616000e+00
0.000000000000000000e+00
2.173402010518561855e+00
2.155144569989324133e+00
0.000000000000000000e+00
0.000000000000000000e+00
0.000000000000000000e+00
0.000000000000000000e+00
2.065700048860856342e+00
0.000000000000000000e+00
0.000000000000000000e+00
0.000000000000000000e+00
0.000000000000000000e+00
0.000000000000000000e+00
1.962437323117265375e+00
0.000000000000000000e+00
0.000000000000000000e+00
0.000000000000000000e+00
0.000000000000000000e+00
1.879778148509916313e+00
0.000000000000000000e+00
1.847574789025175246e+00
1.831656683649303785e+00
0.000000000000000000e+00
0.000000000000000000e+00
0.000000000000000000e+00
1.769202054345876629e+00
0.000000000000000000e+00
0.000000000000000000e+00
1.723631146331192632e+00
1.708680898972810835e+00
0.000000000000000000e+00
0.000000000000000000e+00
0.000000000000000000e+00
0.000000000000000000e+00
3.271423832206136417e+00
3.242942956414323064e+00
0.000000000000000000e+00
1.593340174973614909e+00
0.000000000000000000e+00
0.000000000000000000e+00
0.000000000000000000e+00
3.076923076923076650e+00
1.525027089026301352e+00
1.511705612001456478e+00
1.498496534388005674e+00
1.485399274005922976e+00
0.000000000000000000e+00
0.000000000000000000e+00
4.340317336189950304e+00
1.434116462880008047e+00
0.000000000000000000e+00
1.409130217578968614e+00
1.396798690663912046e+00
1.384574041090684604e+00
0.000000000000000000e+00
1.360442780042286026e+00
0.000000000000000000e+00
0.000000000000000000e+00
0.000000000000000000e+00
0.000000000000000000e+00
0.000000000000000000e+00
0.000000000000000000e+00
1.279253264992443517e+00
0.000000000000000000e+00
0.000000000000000000e+00
