0.000000000000000000e+00
1.050776616509963235e+00
0.000000000000000000e+00
-1.047236011878520889e+00
0.000000000000000000e+00
0.000000000000000000e+00
0.000000000000000000e+00
0.000000000000000000e+00
7.275312742974563207e+00
-7.265332868799092125e+00
1.129816574875073343e+02
1.014498413554707668e+02
1.230370101758711030e+02
1.270213914522666983e+02
8.458391256326478924e+01
1.895888997822393094e+02
6.587414841165656298e+01
1.141343999016213502e+02
1.140232674445146586e+02
1.057067771342460674e+02
8.305460481388593053e+01
8.093505612017372641e+01
6.653825788047907963e+01
1.084251026436608640e+02
6.643860079129257201e+01
8.171415795041525598e+00
1.224914151744337687e+01
5.508735975728427547e+01
-1.631279997983574503e+01
2.649406381698906898e+01
1.018493211555596645e+01
1.018021833964155576e+01
-1.221105476456136785e+01
2.136101072876408580e+01
6.711082626729512413e+01
9.961765132511277443e+01
1.422705815958904623e+02
1.381713365141122267e+02
7.821260309015065104e+01
1.929573943414829955e+02
1.279425153872198280e+02
5.381102838704941860e+01
2.944143240038465592e+01
-2.334901633891695383e+01
9.237961107425905993e+01
5.380450383598417829e+01
1.015230597704760385e+01
-7.817918678105388608e+01
-1.624687338747764898e+01
-6.601248829574910815e+01
-4.063021268964087085e+01
-3.251088161917778052e+01
-3.861581625758594782e+01
-5.895566558600012286e+01
-3.762081253133828795e+01
-5.288975279535907248e+01
-8.953758060685095188e+01
-1.516617546025051979e+02
-3.054855808478350809e+00
-3.056207194391299709e+01
-8.459487047689572137e+01
2.447337114163997285e+01
-1.163097551669122822e+02
-1.133117700334007623e+02
-2.859978394577638028e+01
-3.066129380436723295e+01
-6.033891053236607149e+01
-7.265937671659935404e+01
-3.174639554863210833e+01
-1.014562452307363856e+02
-1.230685433713608745e+02
-7.800328674156321540e+01
-2.650108754265388598e+02
-1.367260950069451155e+02
-9.774401294278482055e+01
-1.678540725897062202e+02
-8.348680862415881165e+01
-1.980767010200152072e+02
-1.703829425806836753e+02
-1.777834057835423209e+02
-1.469204480817072636e+02
-1.626054580879160767e+02
-1.378919900103783220e+02
-2.138044981573207224e+02
-2.628709352055313957e+02
-3.193324061421246824e+02
-2.384694403972641794e+02
-2.460434884861740557e+02
-4.530041112777728358e+02
-4.598195989772730172e+02
-4.771245998101069290e+02
-4.431484188907618318e+02
-5.916153709738600810e+02
-5.262100624185070501e+02
-5.458324614034622755e+02
-6.265979690575154564e+02
-5.125044852354340037e+02
-5.533391215584447309e+02
-4.293327817700496780e+02
-4.850098936511690226e+02
-4.252611485232512223e+02
-3.780912251686295349e+02
-4.180068547914625015e+02
-2.300900212469773578e+02
-2.805833055050866278e+02
-2.788800437257862086e+02
-8.989505758084123954e+01
-7.503136632115092652e+01
2.898714846445489002e+01
-5.269183198107475619e+01
8.724614357840960110e+01
7.552343268603465276e+01
7.889280621433806573e+01
1.039261853471184622e+02
1.171183675492388829e+02
1.303581653165689431e+02
1.697639664428583046e+02
1.428118558337807826e+02
1.113969416415219484e+02
1.652107094711569744e+02
1.194768797988053279e+02
1.493483155865741878e+02
1.727320743694507428e+02
1.851835274664049962e+02
1.976849489839666489e+02
1.316748272764725129e+02
2.161888536178645950e+02
2.832626927000809474e+02
2.114759005234245137e+02
1.840165282697355451e+02
2.391441404457106614e+02
2.161144420891600930e+02
1.727965602790642947e+02
1.697800061283938362e+02
2.039344921309006509e+02
1.829097601723557318e+02
2.059255358413601016e+02
1.644110188521439682e+02
2.022619211741868526e+02
1.856179612994793047e+02
1.951523516748545148e+02
1.944369756366062347e+02
1.971594366425555904e+02
1.746219286178028938e+02
2.153127321863972270e+02
1.800248325269476481e+02
2.255427631911443882e+02
1.460689854411275519e+02
1.986933957869162555e+02
1.793554288917214876e+02
1.856111249938439869e+02
2.164702541240737332e+02
1.618570836426600295e+02
2.304312030177432007e+02
1.520246254253644338e+02
2.232705468631353938e+02
2.084174337530466232e+02
1.958679460330848201e+02
1.784986751737779969e+02
1.753604337317986506e+02
1.745998458546456504e+02
1.606492377132790921e+02
1.730714137576801477e+02
1.602542432396706999e+02
2.029402806047377226e+02
1.949808329001745051e+02
2.282637348996693731e+02
2.057238840080355544e+02
1.598799947201305542e+02
1.199166714409439010e+02
1.349530293680948603e+02
2.164934940771062202e+02
2.207664992691910584e+02
2.040411366782367963e+02
1.661490618582641332e+02
1.827575608552944004e+02
2.281285359362596523e+02
1.762477927313728969e+02
2.017957473587061372e+02
1.797252943574489166e+02
1.688769721679659028e+02
1.794534657124461603e+02
2.217710178998088395e+02
1.918899604481867414e+02
2.013475047136607827e+02
1.801886347433747346e+02
2.281143596453933355e+02
2.300462623342956761e+02
2.461672071902360415e+02
1.589797248897997122e+02
1.451775735115635939e+02
2.196939736300804213e+02
2.372781617641441017e+02
2.183548145679264678e+02
1.848971756682870478e+02
2.262087417906928408e+02
2.150023410629150646e+02
1.785948125109136413e+02
2.122947955181056159e+02
2.249029406654245236e+02
1.908702616123864857e+02
2.275881563756425976e+02
1.651615773672887428e+02
2.020240060225642083e+02
1.823718897220922202e+02
2.073158648596743774e+02
2.242572857977390868e+02
2.263063369418881337e+02
1.271750891612142311e+02
1.742038424574395776e+02
1.637345292411620221e+02
1.518202382009718860e+02
2.755104395210607890e+02
1.791541984888646937e+02
1.685695822659374130e+02
1.928562494862222252e+02
1.443965580783212772e+02
1.828235416424855089e+02
2.031536060917748330e+02
2.080447458142546964e+02
1.859910940081336150e+02
2.008285398120962668e+02
2.171897701602673578e+02
1.304459475196172207e+02
1.179235111272171252e+02
1.615867762819613631e+02
1.447414437212348730e+02
1.466638928233733736e+02
1.165479260924288383e+02
1.476224559750141907e+02
1.789003130465865183e+02
9.857118644649722228e+01
9.151545489944697920e+01
1.110696020828600581e+02
1.203521254431359466e+02
4.919500834140904999e+01
1.286315283279019468e+02
1.440673555339236032e+02
1.189515964807144428e+02
1.873342248152122806e+02
1.379407190816336879e+02
5.931638973360873024e+01
1.617626686790134727e+02
3.828054152565221102e+01
1.198399311576645232e+02
1.803702544979427103e+02
1.113747779477657787e+02
1.505582450886520292e+02
7.008529426352617975e+01
8.595313932905787624e+01
9.408882082695254212e+01
1.180154267909023247e+02
1.768435686456988378e+02
9.823350042317906627e+01
1.128823081202605181e+02
7.179307130620327371e+01
1.552912876613403341e+02
-4.016275722406987825e+01
9.672655021972400391e+01
1.197125973373665602e+02
1.379886796035327734e+02
4.724345058552057708e+01
4.250486927200643095e+01
4.921652278121268864e+01
4.445087846306000756e+01
5.947692930112248177e+01
9.118862943461397208e+01
6.655373359617078677e+01
-3.339483486131598511e+00
5.194578021038614679e+01
1.681629137083569958e+02
1.485104019070394088e+02
3.048547616704445318e+01
3.909280689561489908e+01
1.347556176571240485e+02
9.586515485347024423e+01
1.735198834122801372e+02
7.586435956612672271e+01
1.159362520987504013e+02
2.778598676493243147e+01
3.311485430579546119e+01
1.032016516339834880e+02
1.702839461939513512e+02
1.603291948041648993e+02
1.131676549940574432e+02
9.938099348922878562e+01
2.297628377486067848e+02
1.662453716642331756e+02
6.279324559942756423e+01
6.122147284933635092e+01
7.228804498007946222e+01
1.668697337957307809e+02
2.239132042498473538e+02
2.503119377070543692e+02
2.622315560429323682e+02
2.208612683445350058e+02
1.570175108738096128e+02
2.502967366873344304e+02
1.805039800818487947e+02
3.436590911497651746e+02
2.886868497516167054e+02
3.480771698669325929e+02
3.455840246446295509e+02
3.904538749114832399e+02
4.489682424542896229e+02
4.238955078944073875e+02
4.714593446633354574e+02
5.790018909970601726e+02
5.579774941196252485e+02
7.170127639916474891e+02
7.760778986537470701e+02
7.242933262391668450e+02
7.250222117936482391e+02
8.398221009907322241e+02
8.903209418281521721e+02
8.757974725892693186e+02
9.944054719382590974e+02
1.002097493035557932e+03
9.557361919888240891e+02
1.057838556234448561e+03
1.201061294094088680e+03
1.025212294811848551e+03
1.114446998705584747e+03
1.073694249431457592e+03
1.108430797553979119e+03
1.184542410787130621e+03
1.089881309086019201e+03
1.162319692283602080e+03
1.081393598590024112e+03
1.104216075582904523e+03
1.102052462191311861e+03
9.547521849953431001e+02
1.070190679759669820e+03
9.046895075780890920e+02
8.825479031056777330e+02
9.520144997611652116e+02
7.884515301331132378e+02
7.698898816632677153e+02
7.339099819732341530e+02
7.149834035105249086e+02
6.219650930572857987e+02
6.264690325010889183e+02
5.740324901827962094e+02
4.794119431920820489e+02
5.231395296869387721e+02
4.076650469230696672e+02
3.758273736670141147e+02
3.459784147391839042e+02
2.576500683719763174e+02
2.293755828417379803e+02
1.828294121173860276e+02
2.152276586650818331e+02
1.637267980987618330e+02
1.552059291717313840e+02
8.705513732105983138e+01
6.208479304731348236e+01
8.077917225331034956e+01
8.107901378988387364e+01
9.998090618801407459e+01
5.834396310721883339e+01
6.792979226413649485e+01
3.761730452148957937e+01
1.179891546482696185e+01
1.657957818047736964e+01
1.901812491820268747e+01
3.101860169158018010e+01
3.113308934124159677e+01
2.884422826911387006e+01
-1.688780882189637111e+01
2.179285338217366430e+01
-1.944270109912322653e+01
0.000000000000000000e+00
1.958585835626833216e+01
-4.914434269600413074e+00
1.479736053968410303e+01
2.722787085857593325e+01
4.968639302102975108e+00
-4.986805141014826859e+00
7.507528695587154743e+00
1.004656180931424636e+01
-5.041590093315797105e+00
1.011989264195461580e+01
7.617523811077976603e+00
-5.096798367446766065e+00
-5.115293411263179379e+00
7.700750916245027611e+00
2.576209783368938133e+00
-5.171049874875336627e+00
1.297431114949999476e+01
5.208442908111358349e+00
7.840807202737988035e+00
1.049201943683403648e+01
-5.264857230865310100e+00
-5.283746907699105044e+00
0.000000000000000000e+00
-7.982476510016780935e+00
-2.670332272035128796e+00
0.000000000000000000e+00
-2.689406175420341327e+00
8.096918565216865815e+00
5.417118093174428495e+00
5.436329034726309573e+00
8.183367098457685174e+00
-1.094972942570866081e+01
8.241282749231094940e+00
-1.102709788977512773e+01
1.106589112941842856e+01
0.000000000000000000e+00
8.357768058265035549e+00
-5.591347573289164430e+00
-8.416325963855692649e+00
-8.445681117412934924e+00
8.475086063107701406e+00
1.417423339780220637e+01
2.844680759078531906e+00
0.000000000000000000e+00
2.864396151079183994e+00
2.874276944937660616e+00
8.652518367882507277e+00
-2.894083421415450275e+00
8.712025731839180054e+00
2.913947991622201528e+00
8.771704193943724803e+00
-5.867737057490471031e+00
8.831547345600400334e+00
0.000000000000000000e+00
-2.963849575103708389e+00
8.921606718145769221e+00
-2.983900607776128311e+00
1.197577762717889982e+01
1.502000014404176653e+01
3.014067198768334066e+00
3.024145640925429035e+00
-9.102705236647944176e+00
3.044335235648471638e+00
-1.221778333476182965e+01
0.000000000000000000e+00
-1.537348620547094313e+01
6.169674986352251977e+00
-1.856992243250991592e+01
-1.242058279361760853e+01
1.246125237003214536e+01
3.125488974615989513e+00
3.135673064851513203e+00
-9.437595249893957927e+00
1.893638850033707044e+01
0.000000000000000000e+00
6.352971818685768213e+00
-6.373413685356329239e+00
3.196934306054629360e+00
6.414336041051740267e+00
0.000000000000000000e+00
-9.682959266548770927e+00
6.475807773733583517e+00
0.000000000000000000e+00
-3.258420624985705949e+00
-6.537372025334066805e+00
1.639477856151096091e+01
0.000000000000000000e+00
9.898520852073930953e+00
9.929363829631158822e+00
-1.660036077664637588e+01
-1.332143726530842542e+01
-1.336259662618080313e+01
1.005282422233228701e+01
1.680617900830204192e+01
3.371532073063346235e+00
-1.352731982724347404e+01
-6.784258378810953616e+00
0.000000000000000000e+00
0.000000000000000000e+00
-3.423032366624609857e+00
1.030000316535631200e+01
3.443636463729545127e+00
6.907876676346706546e+00
1.039271927766542447e+01
6.949080952173897430e+00
-6.969680479611120916e+00
6.990277606578953140e+00
3.505435921375296360e+00
3.515731350873359862e+00
1.057807455184758894e+01
0.000000000000000000e+00
-7.093210213111265539e+00
-1.422756556379524540e+01
-3.567174802068686645e+00
0.000000000000000000e+00
0.000000000000000000e+00
-1.439202201459097985e+01
0.000000000000000000e+00
1.085562233080034922e+01
-7.257604384919758900e+00
1.455623668699576001e+01
-1.459724600533412797e+01
7.319117940623362628e+00
-7.339602740761908883e+00
-3.680038495871610138e+00
0.000000000000000000e+00
-7.400992227585724947e+00
7.421432416659438758e+00
7.441860465116278078e+00
2.984910395541706052e+01
3.741339304691461365e+00
0.000000000000000000e+00
-3.009377462077626220e+01
0.000000000000000000e+00
7.564152688620928267e+00
-1.896121328842818343e+01
0.000000000000000000e+00
-3.812552534724698461e+00
-7.645391526664189641e+00
0.000000000000000000e+00
-1.152887395603951148e+01
-1.541230664621935631e+01
0.000000000000000000e+00
1.161986512157437446e+01
2.330028666458742848e+01
3.893464907067501812e+00
0.000000000000000000e+00
0.000000000000000000e+00
-7.847322493565185297e+00
-3.933707890152223996e+00
-1.183123473809339643e+01
3.953772187379517078e+00
-1.189136877042387752e+01
-3.973796999899677829e+00
7.967588597061695310e+00
3.993781370855888468e+00
-8.007516209248393579e+00
8.027448780990049215e+00
-4.023680122017275096e+00
4.033625195607235980e+00
-4.043559510524561418e+00
-8.106965937692820034e+00
0.000000000000000000e+00
0.000000000000000000e+00
-1.633274906670061100e+01
-4.093066374722086920e+01
8.205868355560966165e+00
-1.233837178254264977e+01
1.649054217934388333e+01
4.132468953199408546e+00
-2.485374447133441578e+01
-4.152100849308315134e+00
1.664759678506193197e+01
2.085842859628896662e+01
1.254438106126042207e+01
8.382446074943583625e+00
0.000000000000000000e+00
4.210712314374937648e+00
0.000000000000000000e+00
-1.269045928377264687e+01
4.239855165014958516e+00
4.249544955012058978e+00
2.555533449838733162e+01
0.000000000000000000e+00
8.557080338576415812e+00
-4.288180372897517856e+00
-2.148904035978119609e+01
1.722969290522554076e+01
0.000000000000000000e+00
4.326615747040936100e+00
1.300857911896212293e+01
-2.172878819923325722e+01
-4.355309513497118701e+00
0.000000000000000000e+00
4.374374949323236450e+00
1.753555379046483864e+01
8.786778182823566041e+00
-3.522301480303500654e+01
-2.206175847327329365e+01
-4.421813594737761477e+00
8.862525042777431139e+00
-1.332209533656555500e+01
0.000000000000000000e+00
-4.459531170010711421e+00
1.340678373594426276e+01
-1.791324613775176289e+01
-2.692609204440918091e+01
8.994078600736667539e+00
-2.253191691094259141e+01
0.000000000000000000e+00
-9.050063567651704943e+00
9.068672074007766426e+00
1.363088083650734461e+01
1.821161789227184968e+01
9.124337164073740070e+00
0.000000000000000000e+00
4.580656385673004038e+00
1.376963999023323737e+01
9.198180043497476532e+00
0.000000000000000000e+00
-9.234938248473280709e+00
-4.626638101299434425e+00
-2.317896645579562431e+01
1.393480391153492803e+01
-1.396218623963156169e+01
0.000000000000000000e+00
4.672275002254915321e+00
2.340680173682562426e+01
-4.690431519699799878e+00
-4.699488443217212819e+00
4.708531038080054465e+00
-9.435118440980071242e+00
4.726572902520485897e+00
-4.735571991947344017e+00
-4.744556392077836193e+00
0.000000000000000000e+00
0.000000000000000000e+00
4.771420419092279985e+00
-9.560689999299537334e+00
-4.789254334304381189e+00
0.000000000000000000e+00
9.614053502793566963e+00
1.926355824841575526e+01
1.447420974922384573e+01
0.000000000000000000e+00
-1.936953057843386361e+01
-4.851181363210834263e+00
-4.859963647769564687e+00
-1.947491728028876423e+01
-9.754956389321263188e+00
-1.465863023589915315e+01
-1.468477431433204572e+01
0.000000000000000000e+00
-4.912301741972234126e+00
4.920963578561652341e+00
2.957764404794471957e+01
-1.481469836534523665e+01
0.000000000000000000e+00
-4.955427723965506459e+00
-9.927993367070302000e+00
4.972546269397590812e+00
-1.494322857982178476e+01
9.979172313908287961e+00
-1.999230340832883002e+01
1.001308991988043218e+01
-1.002998630246304756e+01
-1.507026025758859333e+01
-5.031825412726189661e+00
0.000000000000000000e+00
-1.009713956465238560e+01
-3.034144839477821876e+01
0.000000000000000000e+00
5.073514843027169263e+00
0.000000000000000000e+00
0.000000000000000000e+00
1.019648841192550037e+01
2.042574934660949637e+01
5.114604694193563006e+00
1.536823737523309319e+01
-1.026172025758530459e+01
-5.138947190934532117e+00
2.058802579861318094e+01
2.062014944839698671e+01
1.032607874173849005e+01
-1.034202380757733764e+01
5.178954373692453927e+00
-5.186866178208875411e+00
-5.194746699542838186e+00
-1.560778591278713634e+01
1.042082268617005347e+01
0.000000000000000000e+00
0.000000000000000000e+00
-1.570097198751040501e+01
-5.241336287219938939e+00
-5.248979187878076047e+00
-5.256585282391951885e+00
5.264153804723587626e+00
-5.271683971354129028e+00
1.583752494327703531e+01
1.585987804465577788e+01
5.294036235633619469e+00
0.000000000000000000e+00
1.061746159656232713e+01
1.063202674826875516e+01
-1.064650320901832359e+01
5.330444559431903429e+00
0.000000000000000000e+00
1.068938165502032334e+01
0.000000000000000000e+00
-3.751121048072526776e+01
-1.073139261924212917e+01
1.611779101147578785e+01
0.000000000000000000e+00
-1.077248064602136068e+01
1.078596150946418497e+01
0.000000000000000000e+00
-1.081258705520037999e+01
1.623859066121245220e+01
1.625812328662220807e+01
5.425824944199424849e+00
0.000000000000000000e+00
1.087707991380951889e+01
-1.088960386649381817e+01
0.000000000000000000e+00
0.000000000000000000e+00
5.463190179861606488e+00
-5.469182590387529075e+00
-1.095020844858967912e+01
-1.644286105782414609e+01
-5.486729558944933416e+00
5.492430406230184303e+00
5.498054770088880439e+00
1.100720234450626123e+01
-5.509068113983479620e+00
5.514454076168971319e+00
5.519757519444244309e+00
5.524976884320600412e+00
1.659033177399226844e+01
1.107031408238473169e+01
0.000000000000000000e+00
0.000000000000000000e+00
-5.549756561682812617e+00
-1.666331280118884450e+01
-5.559023095134738135e+00
0.000000000000000000e+00
1.113580115820775518e+01
2.228875634530040273e+01
0.000000000000000000e+00
5.580456793871355181e+00
-5.584432407741457105e+00
-5.588300109616694655e+00
-1.118411613045407016e+01
0.000000000000000000e+00
5.599237322634971648e+00
0.000000000000000000e+00
-5.605955200423096585e+00
-5.609136377986892796e+00
5.612196490773011526e+00
1.684540081462414562e+01
-1.123589154856781569e+01
0.000000000000000000e+00
-5.623187438124984894e+00
0.000000000000000000e+00
1.125581139135981168e+01
0.000000000000000000e+00
1.689625382312530988e+01
0.000000000000000000e+00
5.635708105046245642e+00
0.000000000000000000e+00
-1.127752002571761381e+01
-5.640066543484764772e+00
0.000000000000000000e+00
0.000000000000000000e+00
-1.128616797738557409e+01
5.643782284804977678e+00
-1.128864683775910294e+01
-2.257882140363489754e+01
1.128985208662014728e+01
2.257993384785003599e+01
0.000000000000000000e+00
-5.644600365218882310e+00
1.128831161706392194e+01
-5.643539897745498024e+00
5.642750632380674425e+00
-1.692535806632890072e+01
5.640644087943186946e+00
5.639322863441513789e+00
5.637820395941831819e+00
0.000000000000000000e+00
-5.634263997692760206e+00
5.632206241823562998e+00
0.000000000000000000e+00
-1.688256658022821810e+01
0.000000000000000000e+00
5.622067773595901485e+00
-5.619047139213932951e+00
-5.615828519268146302e+00
-5.612410170179551905e+00
1.682637113015393737e+01
1.681490236019260820e+01
-5.600939745880505249e+00
0.000000000000000000e+00
-5.592263525100078958e+00
0.000000000000000000e+00
-5.582749156271987978e+00
0.000000000000000000e+00
5.572384670191276257e+00
5.566880065001994282e+00
-5.561158731931175936e+00
1.111043872127710230e+01
0.000000000000000000e+00
2.771340744898217423e+01
0.000000000000000000e+00
-5.529256900231661831e+00
-5.522209315827463882e+00
5.514936830226925935e+00
5.507438478799429937e+00
2.199885340658336830e+01
1.098352118975923908e+01
-1.645073823565891402e+01
-2.190067625823404995e+01
-1.639958662351433105e+01
3.820360756960781856e+01
-5.448556558286917095e+00
-2.719611692198805031e+01
2.171863309815193332e+01
-2.167944346396504685e+01
0.000000000000000000e+00
-1.079913606911448198e+01
-5.389072221715260014e+00
3.764840332476666163e+01
2.683690671997808508e+01
-2.142474522568156559e+01
1.603427501994433513e+01
-5.333097637541191816e+00
5.321204464888907637e+00
5.309079161354450349e+00
-1.059344428073533351e+01
-1.056826777993148703e+01
0.000000000000000000e+00
5.258266028758772137e+00
-1.573496331256010272e+01
2.092592395981042941e+01
1.043549310555711962e+01
-5.203785402513997127e+00
2.075839423561627228e+01
0.000000000000000000e+00
5.160552253619371754e+00
-2.058278085719010875e+01
5.130617326104276898e+00
5.115319990949652507e+00
-1.019960937321376804e+01
5.084072966372623625e+00
5.068126458663883227e+00
1.010393373310367693e+01
5.035595967230277026e+00
5.019015611420781120e+00
-1.500668316814351755e+01
-9.970468593703127880e+00
-4.968037400936083259e+00
-4.950639172590859616e+00
0.000000000000000000e+00
-4.915247616190990598e+00
0.000000000000000000e+00
-2.927446861812344991e+01
-9.721415356281930542e+00
0.000000000000000000e+00
0.000000000000000000e+00
0.000000000000000000e+00
-1.435614450782675178e+01
4.766102308315512737e+00
4.746649648173619340e+00
-4.727026418687513498e+00
-4.707235570678690806e+00
-1.874912043073922163e+01
-4.667163084318017852e+00
-4.646887604580788533e+00
0.000000000000000000e+00
9.211747857189129363e+00
4.585142171631489738e+00
-4.564264833253273146e+00
0.000000000000000000e+00
1.356626024568430466e+01
0.000000000000000000e+00
4.479366721252484140e+00
0.000000000000000000e+00
-4.436132353411318618e+00
4.414331053884755107e+00
8.784823479513857336e+00
4.370377989380735073e+00
1.304470021165984228e+01
0.000000000000000000e+00
-4.303626233778953036e+00
4.281170947039123043e+00
8.517238833719000368e+00
0.000000000000000000e+00
0.000000000000000000e+00
0.000000000000000000e+00
-4.167524699225810814e+00
-4.144547401431596612e+00
0.000000000000000000e+00
0.000000000000000000e+00
-8.150372545246487022e+00
0.000000000000000000e+00
0.000000000000000000e+00
4.005259284804263409e+00
0.000000000000000000e+00
-3.958376279957417587e+00
0.000000000000000000e+00
-3.911315586266137068e+00
-3.887727731075397930e+00
0.000000000000000000e+00
0.000000000000000000e+00
3.816777512261836591e+00
-7.586154304071172305e+00
3.769357555697687712e+00
0.000000000000000000e+00
-3.721874653879145622e+00
-3.698118278155780647e+00
-3.674356522985047668e+00
0.000000000000000000e+00
3.626830396221841557e+00
0.000000000000000000e+00
0.000000000000000000e+00
-3.555584482572177851e+00
-3.531860418865570228e+00
-3.508153963073057824e+00
0.000000000000000000e+00
3.460806367883718870e+00
3.437171371782301144e+00
3.413566268333982023e+00
0.000000000000000000e+00
0.000000000000000000e+00
0.000000000000000000e+00
0.000000000000000000e+00
0.000000000000000000e+00
0.000000000000000000e+00
0.000000000000000000e+00
3.226147824883908388e+00
0.000000000000000000e+00
0.000000000000000000e+00
0.000000000000000000e+00
0.000000000000000000e+00
3.110706426242803246e+00
-1.235124006492535287e+01
3.064983026383401921e+00
0.000000000000000000e+00
3.019546216320661891e+00
0.000000000000000000e+00
0.000000000000000000e+00
2.951965992132662198e+00
0.000000000000000000e+00
2.907319581585438684e+00
-2.885124296310696224e+00
2.863016748715705440e+00
0.000000000000000000e+00
-2.819071933977069566e+00
0.000000000000000000e+00
0.000000000000000000e+00
-2.753855587217775902e+00
0.000000000000000000e+00
0.000000000000000000e+00
-2.689517862439131601e+00
0.000000000000000000e+00
-2.647133392796235274e+00
0.000000000000000000e+00
-7.815501366001733174e+00
0.000000000000000000e+00
2.563628752921794263e+00
-2.543022858982938672e+00
0.000000000000000000e+00
-2.502142905490824187e+00
-2.481870811943640120e+00
0.000000000000000000e+00
-2.441666974571123472e+00
2.421736933755013421e+00
0.000000000000000000e+00
9.528898186159954875e+00
2.362643650579756116e+00
2.343180518638060761e+00
0.000000000000000000e+00
0.000000000000000000e+00
0.000000000000000000e+00
-2.266517527003844013e+00
0.000000000000000000e+00
2.228907004329176100e+00
2.210283538409616000e+00
0.000000000000000000e+00
-2.173402010518561855e+00
2.155144569989324133e+00
0.000000000000000000e+00
0.000000000000000000e+00
0.000000000000000000e+00
0.000000000000000000e+00
0.000000000000000000e+00
-1.024090416798734537e+01
-4.061570180254706841e+00
0.000000000000000000e+00
0.000000000000000000e+00
0.000000000000000000e+00
0.000000000000000000e+00
-1.945659066793955283e+00
0.000000000000000000e+00
0.000000000000000000e+00
0.000000000000000000e+00
1.879778148509916313e+00
0.000000000000000000e+00
1.847574789025175246e+00
0.000000000000000000e+00
0.000000000000000000e+00
-1.800186378532438791e+00
0.000000000000000000e+00
-1.769202054345876629e+00
0.000000000000000000e+00
0.000000000000000000e+00
1.723631146331192632e+00
0.000000000000000000e+00
0.000000000000000000e+00
0.000000000000000000e+00
0.000000000000000000e+00
-1.650069527215555887e+00
3.271423832206136417e+00
3.242942956414323064e+00
-1.607347729958084059e+00
0.000000000000000000e+00
0.000000000000000000e+00
0.000000000000000000e+00
0.000000000000000000e+00
3.076923076923076650e+00
1.525027089026301352e+00
1.511705612001456478e+00
-1.498496534388005674e+00
0.000000000000000000e+00
0.000000000000000000e+00
-1.459537832794783663e+00
4.340317336189950304e+00
0.000000000000000000e+00
0.000000000000000000e+00
1.409130217578968614e+00
1.396798690663912046e+00
1.384574041090684604e+00
-1.372455621728736253e+00
1.360442780042286026e+00
-1.348534858422787419e+00
-1.336731194513350429e+00
0.000000000000000000e+00
0.000000000000000000e+00
0.000000000000000000e+00
0.000000000000000000e+00
0.000000000000000000e+00
-1.268061010868891447e+00
0.000000000000000000e+00
