0.000000000000000000e+00
3.362485172831882352e+01
3.776322260360139893e+01
0.000000000000000000e+00
0.000000000000000000e+00
0.000000000000000000e+00
0.000000000000000000e+00
6.244840940725158163e+00
1.689951217153804691e+03
2.361233182359707371e+03
7.011081938032105427e+03
8.531103496024843480e+03
8.294141980091075311e+03
8.269815469510178445e+03
8.450139167295916195e+03
8.984865250549601114e+03
9.079310361550351445e+03
9.171881505607767394e+03
9.172195991099744788e+03
9.286802196968863427e+03
9.136006529527448947e+03
8.927444038369540067e+03
8.599813914675458363e+03
8.851989040360767831e+03
8.757629716612234915e+03
8.822064777721680002e+03
8.921458071871262291e+03
9.210810578676282603e+03
9.502205988254276235e+03
1.017372050572378066e+04
1.067279036389109933e+04
1.168994471941042866e+04
1.290504971034715345e+04
1.405961382347505605e+04
1.549649988353903609e+04
1.645216006833620850e+04
1.651151721264306980e+04
1.628593032589131690e+04
1.579285133565796787e+04
1.503036545396815018e+04
1.407469210938297147e+04
1.388324532385878410e+04
1.323138580945562171e+04
1.324498331190652425e+04
1.259002128069188439e+04
1.249584222107789901e+04
1.205484811714637908e+04
1.225687198468678253e+04
1.175359746625337721e+04
1.189545039089399143e+04
1.186808512664405680e+04
1.226777798598657864e+04
1.237840152193834183e+04
1.257585335568956725e+04
1.242910303738052971e+04
1.280745706152233106e+04
1.279166435669693419e+04
1.276605185385649747e+04
1.282021154291490711e+04
1.291756907496052008e+04
1.288899677169666575e+04
1.257829304300530930e+04
1.257165616812888766e+04
1.283893812351424276e+04
1.237349223996914770e+04
1.248323475088465057e+04
1.217414221995398839e+04
1.231218255320294156e+04
1.195815034907671179e+04
1.192674527267989106e+04
1.208840767265192881e+04
1.191397569073769955e+04
1.180017417403131731e+04
1.161349394957488221e+04
1.161095985325605034e+04
1.166843249395067323e+04
1.145315330162532518e+04
1.152765133957109902e+04
1.159223583885305743e+04
1.179365499994313177e+04
1.157464121612717827e+04
1.136684651283363382e+04
1.147613862725472063e+04
1.147486665838513545e+04
1.123383617170831894e+04
1.148140423125984307e+04
1.133823260718521124e+04
1.150044797241942433e+04
1.156934923825537771e+04
1.155610255793337456e+04
1.150749199278850210e+04
1.155224022484262059e+04
1.176307583351217727e+04
1.199779948703913396e+04
1.185476590547172782e+04
1.200540646597592422e+04
1.195105623698183808e+04
1.185666346728667850e+04
1.202872017890224561e+04
1.194204491420138402e+04
1.193382469908266467e+04
1.191093564681511816e+04
1.174780079178550295e+04
1.228318534721711148e+04
1.194132676242750131e+04
1.163602941062763603e+04
1.170026981584924943e+04
1.174991196589224637e+04
1.161096335715108580e+04
1.163414143271933972e+04
1.155311279039532201e+04
1.152811254643256871e+04
1.146323281528060397e+04
1.137342190892527833e+04
1.127155844728508237e+04
1.132377929383262199e+04
1.112715741588606579e+04
1.109789841517471359e+04
1.101956020747996808e+04
1.130653954751613674e+04
1.117163632026994310e+04
1.092878262292342697e+04
1.092282824420322686e+04
1.104267010808598206e+04
1.077106875665154621e+04
1.065238287555126408e+04
1.076953089253300823e+04
1.106946169708355774e+04
1.079194911302697074e+04
1.086143617466032811e+04
1.070225903293724696e+04
1.077884776969044105e+04
1.053273578791932960e+04
1.058033018323301985e+04
1.042770013630655012e+04
1.076796532570220188e+04
1.045694396838378816e+04
1.066177110528765297e+04
1.058579807673441064e+04
1.064399438200143049e+04
1.059643032339780257e+04
1.064370879573092861e+04
1.037608849121170533e+04
1.058875207940979999e+04
1.035919064963110031e+04
1.044721031324651995e+04
1.043164195497913170e+04
1.054247106033027194e+04
1.028325469423514187e+04
1.038398054544538172e+04
1.042924396663523294e+04
1.047130975219641005e+04
1.053009345611450408e+04
1.038351216863626541e+04
1.027875025550409737e+04
1.049607835385692124e+04
1.022311196357983863e+04
1.041305225819527550e+04
1.036601306292519985e+04
1.057172900497414594e+04
1.040543327932378088e+04
1.032590958525725910e+04
1.045639791452650752e+04
1.035627985447345782e+04
1.041518511532171760e+04
1.035215005981796276e+04
1.043942336525189967e+04
1.072442259237155486e+04
1.044834072365677457e+04
1.033241197599316547e+04
1.048094299901485647e+04
1.078777240372853339e+04
1.074602518509755100e+04
1.064352765690656997e+04
1.034959865172336504e+04
1.083739903384762874e+04
1.046898057263775263e+04
1.072861563839271912e+04
1.061746444643229552e+04
1.076340853760274331e+04
1.061152317652442798e+04
1.079374683556339915e+04
1.077426968105242668e+04
1.098601793426870609e+04
1.069563042444148596e+04
1.066179985577287334e+04
1.076110268506948159e+04
1.072349727886794972e+04
1.087775512400833577e+04
1.074858042425670283e+04
1.080017448659239017e+04
1.108869582878453366e+04
1.076877811083423148e+04
1.086674768786848472e+04
1.073714946363073977e+04
1.138408644732696121e+04
1.094401486993255276e+04
1.091941912937097004e+04
1.107780779862915006e+04
1.130503243167326218e+04
1.132007474639615430e+04
1.125356495584501135e+04
1.124038670033800008e+04
1.157597554509292968e+04
1.132732070607217065e+04
1.143082768598832081e+04
1.138819271332882454e+04
1.188789914538111225e+04
1.139105906142918502e+04
1.144395793403479001e+04
1.123851793984715732e+04
1.165289337391641675e+04
1.168911879837345077e+04
1.157697208219516506e+04
1.143626199025686037e+04
1.180336147217849975e+04
1.184191967075320281e+04
1.205791573878977397e+04
1.188448595636882601e+04
1.192365294887820346e+04
1.182676193196758140e+04
1.187309721896194606e+04
1.186256231493776249e+04
1.209850326445680548e+04
1.195197928022319138e+04
1.174822427914295804e+04
1.186879838514126095e+04
1.209178451029930693e+04
1.204231446350020815e+04
1.209042530520116270e+04
1.199805214218992660e+04
1.196830748869037416e+04
1.187929646823788971e+04
1.201180723325437430e+04
1.198766602562000844e+04
1.186643231507927703e+04
1.154991467148905576e+04
1.179401403271984782e+04
1.179728808134680366e+04
1.195011063135749100e+04
1.176134109180654923e+04
1.157734252954433941e+04
1.173084560505260924e+04
1.160666019057776066e+04
1.125573507257756864e+04
1.105345918589956636e+04
1.058060390503774579e+04
1.106525494058762342e+04
1.069190100264682223e+04
1.071444951345491609e+04
1.026352220520673836e+04
1.019495933571008209e+04
9.802186376361592920e+03
9.954856179981194146e+03
9.709468390006069967e+03
9.735140469121157366e+03
9.114157738721754868e+03
9.105700317841105061e+03
8.860152000126718121e+03
8.533566904792003697e+03
8.332892851822753073e+03
8.365348922643051992e+03
8.160934900225239289e+03
7.856597586640908048e+03
7.788781704027284832e+03
7.599829855143435452e+03
7.414464560574435382e+03
7.342540658997546416e+03
7.166531561238480208e+03
7.078031471247443733e+03
6.970352773211394378e+03
7.028929817532035486e+03
6.783018447167383783e+03
6.557393434925319525e+03
6.473386949478303904e+03
6.551356207575542612e+03
6.468340208388461178e+03
6.324328883830747145e+03
6.547802655845837762e+03
6.309155619812483565e+03
6.157620013809239936e+03
6.151867945707113904e+03
5.935361052389169345e+03
6.118937291811702380e+03
6.192392621706076170e+03
6.136776347959875238e+03
6.091386861242131090e+03
6.109964304820959114e+03
6.003034279305274140e+03
6.244590230632311432e+03
6.081231783949176133e+03
5.983730997740388375e+03
6.034733919416618846e+03
6.087878660145292088e+03
6.117513782931626338e+03
6.121538154282694450e+03
6.075654038399528872e+03
6.107240375170960760e+03
6.261813329643518045e+03
6.314735799876935744e+03
6.203018089792855790e+03
6.216470104001866275e+03
6.331930243898595108e+03
6.552422551305813613e+03
6.449162465762889042e+03
6.469180093451585890e+03
6.491190245425679677e+03
6.653712760660569074e+03
6.950584701836162822e+03
6.945334449043417408e+03
7.029437407856245045e+03
7.223410531226192688e+03
7.318805300133178207e+03
7.582000466789864731e+03
7.722695176123574129e+03
7.499758899887746338e+03
8.054684322699898075e+03
8.264310002325119058e+03
8.545523813065690774e+03
9.126371422418113070e+03
8.950429879013763639e+03
9.293772324707410007e+03
9.415856941618352721e+03
1.010619815386909977e+04
1.015617645744006404e+04
1.066705118880702503e+04
1.124146516909556885e+04
1.174336544717193647e+04
1.209913068576300066e+04
1.290617768493213225e+04
1.346766773187405488e+04
1.426239938026083109e+04
1.493834209202994680e+04
1.576744570350383947e+04
1.672587772994254556e+04
1.861551222515049813e+04
1.896354481850050433e+04
2.031175958745688331e+04
2.173668681903078686e+04
2.385661289713451333e+04
2.497211595656228383e+04
2.687050101076099236e+04
2.849348295735597640e+04
3.153782879503508957e+04
3.300855918539443519e+04
3.583242828199351061e+04
3.762276631774286943e+04
4.057322351428481488e+04
4.216051292716391617e+04
4.498459959966791212e+04
4.749276123903603730e+04
5.197634679046639212e+04
5.335674431374093547e+04
5.529211226742930739e+04
5.833381477910911053e+04
6.116501833550143783e+04
6.340703426614843920e+04
6.584774191364139551e+04
6.731272637541877339e+04
7.054018515515184845e+04
7.115997100662767480e+04
7.193604165275103878e+04
7.287246169386427209e+04
7.394491868492908543e+04
7.304148601397218590e+04
7.304403489110337978e+04
7.146001945025446184e+04
7.291580537863077188e+04
7.055244016964823822e+04
6.851673103355399508e+04
6.610518373701896053e+04
6.392601194749582646e+04
6.092426064946717088e+04
5.837856468858329026e+04
5.516949254545555596e+04
5.340375579761598055e+04
4.892122256850589474e+04
4.524528304442753142e+04
4.249261241702328698e+04
3.950308103422361455e+04
3.551800220740980876e+04
3.283905162314273184e+04
2.889326781541876335e+04
2.752525958339626959e+04
2.324133561407425441e+04
2.188040027002420538e+04
1.840701890217107575e+04
1.634827417941838030e+04
1.398630741916099396e+04
1.215650574753191358e+04
1.053804488047985433e+04
8.947069574760225805e+03
7.607718698600373500e+03
6.308793807792730149e+03
5.570463567853962559e+03
4.494134275139447709e+03
3.837267474914480317e+03
3.063079109289671123e+03
2.458117244334192492e+03
2.318417682507095833e+03
1.760563380281689433e+03
1.329182448990582316e+03
1.170221495079449141e+03
9.143024070466731246e+02
7.691863899282354851e+02
6.505987754967326282e+02
4.730668457826378130e+02
4.775044969043570404e+02
4.262461709715167899e+02
3.969856777035307118e+02
3.450693645180834324e+02
3.462729258139303852e+02
2.429524671424208009e+02
2.523013544808792687e+02
2.361085030035181660e+02
1.855444934927125473e+02
2.864396151079182573e+02
2.414392633747635557e+02
1.874712313041210052e+02
2.373148405560668834e+02
2.003765918323011590e+02
2.243739953549095674e+02
2.105209006546494095e+02
1.672305061384784608e+02
2.502271747920112830e+02
1.742767303670772208e+02
2.459995147336078389e+02
1.843798721750125651e+02
1.521789309965824657e+02
1.916124420348623971e+02
2.042720019589680476e+02
1.929003007211732381e+02
2.298350687103325640e+02
1.850883398118415357e+02
2.070147960240960572e+02
1.802123041877369474e+02
2.022613952693046429e+02
2.398263848053467200e+02
1.974295995632721201e+02
2.259340562622039670e+02
2.204653445867125185e+02
2.087259771980384357e+02
1.750273825784954056e+02
1.505123071128726338e+02
2.076270954976671135e+02
1.641153670029212606e+02
1.836437635475018340e+02
2.032950981979445828e+02
1.720821695046208504e+02
2.109976641996055378e+02
1.828085771699746545e+02
1.447833468379645012e+02
1.775209198867274836e+02
2.039879448726078124e+02
1.786487903433762199e+02
1.661794518742710238e+02
1.895837887346879143e+02
1.836215198889227622e+02
1.611722430253855407e+02
1.484778127811089803e+02
1.886579127629920265e+02
1.892441128537687121e+02
1.998215589796263600e+02
1.904170019230764410e+02
1.708980117796488685e+02
2.050353839012849164e+02
1.685766036531673251e+02
1.792369877109760239e+02
2.204883973113559819e+02
1.973409115074750275e+02
2.081765699062252963e+02
1.677285859646058555e+02
1.613667162572488962e+02
1.859563690413953907e+02
2.245059919812679539e+02
1.662835084426467915e+02
1.563543214239126655e+02
1.812116924698891580e+02
1.363104133282895702e+02
1.542391805405129901e+02
1.582079107893011951e+02
1.621971431283296852e+02
1.555979119861850393e+02
1.454108093687809458e+02
1.565032212017477207e+02
1.319854676765413899e+02
1.430982043820172009e+02
1.865620684367595175e+02
1.475182256495575359e+02
1.371144553643181894e+02
1.700714165158721300e+02
1.923265162003736179e+02
1.528404852134554801e+02
1.824655750666765925e+02
1.683397126343373600e+02
2.018390753709524859e+02
1.582416553224792608e+02
1.845135071889349376e+02
1.776238134620574272e+02
1.966679590414750862e+02
1.562790697674418539e+02
1.305898298049496589e+02
1.571362507970413844e+02
2.063343687314615806e+02
1.467071512762842644e+02
1.697356204194088605e+02
2.042321225927650516e+02
1.782354049112249186e+02
1.254792476572673081e+02
1.410644437848138182e+02
2.026028754566010548e+02
2.951279844516387243e+02
1.460324034431671691e+02
1.348576831544193624e+02
1.158956052427525236e+02
1.355650930850343912e+02
1.436851010982891239e+02
1.907797804463076830e+02
1.561415848281380363e+02
1.448033891670073388e+02
1.451754661309559538e+02
1.416134840454801065e+02
1.222560922936317667e+02
1.383820265582830302e+02
1.664791627859343066e+02
1.867684589952847887e+02
1.434165947471105085e+02
1.557574734633796822e+02
1.961841471265856285e+02
1.444940780578209001e+02
1.528998446366564679e+02
1.452105070418605521e+02
1.496117018894087494e+02
1.499788698473171848e+02
1.178384687877490506e+02
1.059057203862027876e+02
1.510779288669806419e+02
1.882810532372160139e+02
1.764261696445607583e+02
1.439476707963309252e+02
1.154337952554071762e+02
1.405039444087798586e+02
1.532647575732289056e+02
1.287151263285577727e+02
1.206950766916990148e+02
1.543523716125383487e+02
1.128994295513437862e+02
1.802225906112870462e+02
1.092253164685226920e+02
1.052678078593734341e+02
1.603766741623410326e+02
1.311347459323173439e+02
1.356753652804786725e+02
1.274863486503617480e+02
1.575912294067218795e+02
9.391552506028781977e+01
2.096484682951221714e+02
1.329335915598230713e+02
1.590188986623808489e+02
1.722969290522554218e+02
1.640469802922580982e+02
1.427783196523508877e+02
1.474305633482373707e+02
1.521015173946328218e+02
1.611464519993934061e+02
1.440400047051841739e+02
1.880981228208992775e+02
1.271327649808700642e+02
1.361950618337652656e+02
1.232805518106225264e+02
1.279581991449851159e+02
1.503416622210839080e+02
1.506629257272163329e+02
1.376616518111773928e+02
1.335036401429170212e+02
1.560835909503748837e+02
1.430056931834054694e+02
1.612192152397658731e+02
1.346304602220459117e+02
1.124259825092083531e+02
1.261787347012785148e+02
1.625657119540005908e+02
1.176508263794721501e+02
1.178927369621009689e+02
1.499396892015808191e+02
1.456929431381747690e+02
1.231785517149955353e+02
1.554282539288471980e+02
1.236777224131710540e+02
1.331065199055879589e+02
1.287745206089646501e+02
1.474651652453627548e+02
1.662288884725190314e+02
1.341725049376836978e+02
1.483453853170920240e+02
1.486379083897058990e+02
8.377311743778936659e+01
1.585479689304883379e+02
8.410095004058848644e+01
1.217153690314932533e+02
1.594746716697931390e+02
1.550831186261680443e+02
1.318388690662415286e+02
1.273740989532309271e+02
1.134377496604916615e+02
1.136537278067362564e+02
9.963568423363454940e+01
1.711269360568037143e+02
1.047745757145343930e+02
1.192855104773069996e+02
1.290693149905437735e+02
1.484668843634358666e+02
1.007611142130223527e+02
1.442108025419035187e+02
9.631779124207878340e+01
1.061442048276415306e+02
8.700421793627326394e+01
1.404290966936455334e+02
7.276772044816252105e+01
1.117791638986999772e+02
1.704055262025266870e+02
8.779460750389137047e+01
1.221552519658262952e+02
1.517426679147644677e+02
1.029760633587640655e+02
1.326321470332502770e+02
9.841927157123303971e+01
1.330993982157512221e+02
1.283940524996587271e+02
6.925575536950881883e+01
7.433141585948258978e+01
1.439559038225193888e+02
9.945092538795181270e+01
7.471614289910893092e+01
1.147604816099453018e+02
7.497113778123312500e+01
8.010471935904345742e+01
9.026987672216743874e+01
1.054918218031201604e+02
9.560468284179759735e+01
7.056292277271165858e+01
8.582568629954526784e+01
8.596743711853828529e+01
7.597834833786046715e+01
1.217643562326520055e+02
9.147208509873452442e+01
9.671048973484256805e+01
5.608068626559025205e+01
6.127724803982848556e+01
8.183367510709700809e+01
8.708667845965419474e+01
1.180097829622310002e+02
5.652841910027984085e+01
9.264611609375931778e+01
9.794570987988569755e+01
5.679343307956168729e+01
8.790720236440736812e+01
1.139369962212339829e+02
1.192979220988041220e+02
6.753170709405689820e+01
9.884931078098519208e+01
9.899781551861551065e+01
9.392749471200522748e+01
7.316320263550576897e+01
8.373851726672215534e+01
9.434405316995891155e+01
7.873468781817112472e+01
1.314146320597988051e+02
4.737738424251229929e+01
7.380357559895779218e+01
8.974597467856986555e+01
5.286626014885258940e+01
1.005866884770387628e+02
6.361685745611989518e+01
1.008658851673420997e+02
1.010042541085531838e+02
9.581852888116490874e+01
7.462622383204666221e+01
8.006386934784721632e+01
1.122385073777134039e+02
8.562787495590049502e+01
5.894618789828255956e+01
6.438835571545277503e+01
9.133414906502945030e+01
9.683001666854421785e+01
8.079360484516021756e+01
1.186455766041060258e+02
1.079933107738377203e+02
1.027195770244035913e+02
9.743154396727470612e+01
1.463231095795998726e+02
1.030906739397890988e+02
8.691542192414961221e+01
9.789371922428566108e+01
1.197856425314319893e+02
1.635299552287566200e+02
1.036854389840975585e+02
1.256533741368169643e+02
1.039144692173630347e+02
1.259273971587813179e+02
1.151000274047690226e+02
1.426549685325682617e+02
9.337131690591313316e+01
1.209572049419553679e+02
8.805761875605008981e+01
9.916322605170262250e+01
1.213179896757173708e+02
9.935563534999640467e+01
1.049745608020914176e+02
1.050721012352843644e+02
1.383789260298091222e+02
1.218825215296768931e+02
1.552594868817148779e+02
1.331941574803875028e+02
1.444153776103032953e+02
1.278575311880989744e+02
1.335242719693055164e+02
1.224938127402853070e+02
1.002994035538518034e+02
1.561385024129382373e+02
1.506723334345265926e+02
1.787018370477266274e+02
1.117660021923338718e+02
1.621696838915839862e+02
1.734668371634111281e+02
1.735763570016841015e+02
1.848876110171776190e+02
1.569667456118467044e+02
1.402284094496723412e+02
1.010195368339142021e+02
1.179178057023690087e+02
1.292127528085298707e+02
1.742395622863176357e+02
1.068405613243747041e+02
1.743940025527314788e+02
1.294418310006378192e+02
1.407515892859825044e+02
1.070096075464602876e+02
1.295812362150610966e+02
1.521641188362486332e+02
1.352953565280672876e+02
1.296914802957525694e+02
9.024106469575623635e+01
1.241069296821102341e+02
9.591791972337342997e+01
1.523632676947052573e+02
1.580259039745393750e+02
6.773188102655461762e+01
9.595999096544831275e+01
1.185434469095115588e+02
9.031973539140014395e+01
1.072526359680335446e+02
1.298258084000343047e+02
1.015948045535753010e+02
9.029663836392799681e+01
1.015695113828521414e+02
9.026857635375414191e+01
5.640644087943186946e+01
9.586848867850574152e+01
7.329166514724381898e+01
9.017815596492611974e+01
9.014822396308416330e+01
1.013797123528241428e+02
6.192955554830314213e+01
6.753026632091287240e+01
7.874849070135059037e+01
7.308688105674670510e+01
7.304761280978111415e+01
5.054245667341331938e+01
1.066357932334114906e+02
4.487032301374383536e+01
5.044470708057782815e+01
4.480751796704404200e+01
1.679011689715563804e+01
6.151489877610086410e+01
7.822656620242426584e+01
4.466199325017590382e+01
3.904371731202648022e+01
2.786192335095638484e+01
2.226752026000798068e+01
3.892811112351824221e+01
5.555219360638551152e+00
1.664718205817814933e+01
3.325608893877861050e+01
3.321648360899393992e+01
1.105851380046332366e+01
2.761104657913731586e+01
1.654481049068078136e+01
1.652231543639829070e+01
3.299828010987504712e+01
2.196704237951847816e+01
1.096715882377261053e+01
2.190067625823404640e+01
3.279917324702866210e+01
1.637297467268906459e+01
1.634566967486075839e+01
5.439223384397609884e+00
4.886692447084185176e+01
3.251916519594757204e+01
2.704915431181390062e+01
1.619870410367172298e+01
1.077814444343052536e+01
1.613502999632856927e+01
3.757166940796931698e+01
0.000000000000000000e+00
3.206855003988866315e+01
1.599929291262357722e+01
2.128481785955562700e+01
3.185447496812670920e+01
2.648361070183833732e+01
4.227307111972594811e+01
1.581394491973601824e+01
3.154959617255262572e+01
2.622493885426683846e+01
2.615740494976303765e+01
1.043549310555711962e+01
1.561135620754199138e+01
1.037919711780813614e+01
1.035037423659282929e+01
5.160552253619371754e+00
1.543708564289257801e+01
1.026123465220855380e+01
5.115319990949652507e+00
0.000000000000000000e+00
1.525221889911786910e+01
2.027250583465552936e+01
1.010393373310367160e+01
2.014238386892110810e+01
5.019015611420781120e+00
5.002227722714505553e+00
1.495570289055469182e+01
1.987214960374433659e+01
9.901278345181719232e+00
0.000000000000000000e+00
9.830495232381981197e+00
4.897258907506880199e+00
1.951631241208229994e+01
4.860707678140965271e+00
4.842150172461943569e+00
2.411704094253854791e+01
0.000000000000000000e+00
0.000000000000000000e+00
9.532204616631025473e+00
0.000000000000000000e+00
0.000000000000000000e+00
0.000000000000000000e+00
9.374560215369610816e+00
9.334326168636037480e+00
0.000000000000000000e+00
9.252913640290252317e+00
4.605873928594564681e+00
1.375542651489447010e+01
4.564264833253273146e+00
4.543245237897980182e+00
0.000000000000000000e+00
9.001585529781429784e+00
4.479366721252484140e+00
4.457812084781724415e+00
0.000000000000000000e+00
0.000000000000000000e+00
0.000000000000000000e+00
0.000000000000000000e+00
8.696466807773228780e+00
4.325981605153955911e+00
0.000000000000000000e+00
4.281170947039123043e+00
0.000000000000000000e+00
4.235975327779410549e+00
4.213242374925700418e+00
4.190424261991761767e+00
4.167524699225810814e+00
0.000000000000000000e+00
0.000000000000000000e+00
0.000000000000000000e+00
0.000000000000000000e+00
4.051935204649437239e+00
4.028624975035436151e+00
4.005259284804263409e+00
0.000000000000000000e+00
3.958376279957417587e+00
0.000000000000000000e+00
0.000000000000000000e+00
3.887727731075397930e+00
0.000000000000000000e+00
0.000000000000000000e+00
0.000000000000000000e+00
3.793077152035586153e+00
0.000000000000000000e+00
0.000000000000000000e+00
0.000000000000000000e+00
0.000000000000000000e+00
3.674356522985047668e+00
0.000000000000000000e+00
0.000000000000000000e+00
3.603072702103327529e+00
0.000000000000000000e+00
3.555584482572177851e+00
0.000000000000000000e+00
3.508153963073057824e+00
0.000000000000000000e+00
3.460806367883718870e+00
3.437171371782301144e+00
3.413566268333982023e+00
0.000000000000000000e+00
0.000000000000000000e+00
0.000000000000000000e+00
3.319503401978855184e+00
0.000000000000000000e+00
0.000000000000000000e+00
0.000000000000000000e+00
3.226147824883908388e+00
3.202939689248260002e+00
6.359578028490769697e+00
0.000000000000000000e+00
0.000000000000000000e+00
0.000000000000000000e+00
6.175620032462677322e+00
3.064983026383401921e+00
0.000000000000000000e+00
0.000000000000000000e+00
0.000000000000000000e+00
0.000000000000000000e+00
2.951965992132662198e+00
0.000000000000000000e+00
2.907319581585438684e+00
2.885124296310696224e+00
0.000000000000000000e+00
2.840998718347819807e+00
0.000000000000000000e+00
0.000000000000000000e+00
0.000000000000000000e+00
2.753855587217775902e+00
2.732310066476237864e+00
0.000000000000000000e+00
2.689517862439131601e+00
0.000000000000000000e+00
0.000000000000000000e+00
5.252194716855945522e+00
0.000000000000000000e+00
0.000000000000000000e+00
0.000000000000000000e+00
0.000000000000000000e+00
0.000000000000000000e+00
0.000000000000000000e+00
0.000000000000000000e+00
4.923423754610186442e+00
0.000000000000000000e+00
0.000000000000000000e+00
0.000000000000000000e+00
0.000000000000000000e+00
2.362643650579756116e+00
0.000000000000000000e+00
0.000000000000000000e+00
0.000000000000000000e+00
0.000000000000000000e+00
0.000000000000000000e+00
0.000000000000000000e+00
0.000000000000000000e+00
0.000000000000000000e+00
0.000000000000000000e+00
0.000000000000000000e+00
0.000000000000000000e+00
0.000000000000000000e+00
2.118997637892437336e+00
0.000000000000000000e+00
4.166685323841186062e+00
6.197100146582569025e+00
2.048180833597469164e+00
0.000000000000000000e+00
2.013512863736289127e+00
1.996364171661462628e+00
0.000000000000000000e+00
0.000000000000000000e+00
0.000000000000000000e+00
3.858008292756808455e+00
1.912472448677229764e+00
1.896063836343594877e+00
0.000000000000000000e+00
0.000000000000000000e+00
0.000000000000000000e+00
1.831656683649303785e+00
0.000000000000000000e+00
0.000000000000000000e+00
0.000000000000000000e+00
0.000000000000000000e+00
0.000000000000000000e+00
0.000000000000000000e+00
0.000000000000000000e+00
3.417361797945621671e+00
1.693850032960764196e+00
1.679138136343135468e+00
0.000000000000000000e+00
0.000000000000000000e+00
0.000000000000000000e+00
0.000000000000000000e+00
3.214695459916168119e+00
0.000000000000000000e+00
1.579448304543018544e+00
0.000000000000000000e+00
1.552009523701294968e+00
0.000000000000000000e+00
0.000000000000000000e+00
0.000000000000000000e+00
0.000000000000000000e+00
2.970798548011845952e+00
1.472413239909616811e+00
0.000000000000000000e+00
2.893544890793300350e+00
0.000000000000000000e+00
0.000000000000000000e+00
0.000000000000000000e+00
0.000000000000000000e+00
0.000000000000000000e+00
0.000000000000000000e+00
0.000000000000000000e+00
0.000000000000000000e+00
1.336731194513350429e+00
0.000000000000000000e+00
0.000000000000000000e+00
1.301939060847384866e+00
1.290545720163241761e+00
0.000000000000000000e+00
0.000000000000000000e+00
0.000000000000000000e+00
