
_column0	_column1
-0.1006068750426681	0.0
1.6959444650049764	33.58461483376505
3.4924958050526214	37.670332538732225
5.289047145100266	0.0
7.08559848514791	0.0
8.882149825195555	0.0
10.6787011652432	0.0
12.475252505290845	6.200003251915277
14.27180384533849	1676.7273116157317
16.068355185386135	2341.454244727825
17.86490652543378	6949.126068565799
19.661457865481424	8452.547011585471
21.45800920552907	8215.406724997658
23.254560545576716	8189.6577721905405
25.05111188562436	8367.243312396487
26.847663225672004	8896.397190539235
28.644214565719647	8990.300133967217
30.44076590576729	9083.064763090206
32.237317245814936	9085.171493969123
34.03386858586258	9201.196354018002
35.83041992591023	9054.919421321245
37.62697126595787	8851.900673241813
39.42352260600551	8531.20022925826
41.220073946053155	8786.248660522333
43.016625286100805	8698.011857972659
44.81317662614845	8768.052088042741
46.60972796619609	8873.527119973154
48.40627930624374	9168.819185774368
50.20283064629138	9467.212632141072
51.999381986339024	10145.79603923907
53.795933326386674	10654.15319430865
55.592484666434316	11681.902025378464
57.38903600648196	12910.586301517451
59.18558734652961	14082.165153781476
60.98213868657726	15540.448412552752
62.7786900266249	16520.014972179913
64.57524136667254	16601.806388058925
66.37179270672019	16397.764613866315
68.16834404676784	15924.242911232712
69.96489538681548	15178.051663149326
71.76144672686313	14234.929429116371
73.55799806691077	14063.669790321796
75.35454940695841	13425.337178051037
77.15110074700605	13461.829846673705
78.9476520870537	12818.352855249965
80.74420342710135	12745.130820903842
82.540754767149	12317.799127554066
84.33730610719664	12547.665133475843
86.13385744724428	12055.492360337916
87.93040878729192	12224.879002603933
89.72696012733957	12221.154825160625
91.52351146738722	12658.536534883924
93.32006280743487	12799.292278747653
95.11661414748251	13031.07299971745
96.91316548753015	12906.874182255513
98.7097168275778	13329.06723814678
100.50626816762544	13342.46876764858
102.30281950767308	13346.10403234365
104.09937084772073	13433.775272767856
105.89592218776838	13567.650423049836
107.69247352781602	13569.994535780335
109.48902486786366	13274.998378644417
111.2855762079113	13300.646407067889
113.08212754795895	13617.32783518192
114.8786788880066	13156.865605283449
116.67523022805425	13307.585206675238
118.47178156810189	13011.784247259873
120.26833290814953	13193.927026324785
122.06488424819717	12848.652028726012
123.86143558824482	12849.428216865343
125.65798692829246	13059.087477263714
127.45453826834012	12906.11986197765
129.25108960838776	12818.459525014378
131.0476409484354	12651.200619599542
132.84419228848304	12684.43705206951
134.64074362853069	12783.872761514072
136.43729496857833	12584.451095517144
138.23384630862597	12703.446778646632
140.0303976486736	12812.431615927067
141.82694898872126	13073.994084475002
143.62350032876893	12869.88427466485
145.42005166881657	12677.274473123114
147.2166030088642	12838.428356184493
149.01315434891185	12876.716070001186
150.8097056889595	12645.5582154726
152.60625702900714	12964.87282169072
154.40280836905478	12843.774566935077
156.19935970910242	13069.130401482838
157.99591104915007	13189.729547749275
159.7924623891977	13217.326501549203
161.58901372924535	13204.691904126705
163.385565069293	13299.61583270082
165.18211640934064	13587.165164368627
166.9786677493883	13904.464135697992
168.77521908943595	13784.779128815693
170.5717704294836	14007.066593757774
172.36832176953124	13991.01695962512
174.16487310957888	13927.949317261564
175.96142444962652	14178.643172746086
177.75797578967416	14125.155732371148
179.5545271297218	14164.526862161874
181.35107846976945	14186.80516494677
183.1476298098171	14041.706649012216
184.94418114986473	14733.538643701188
186.74073248991238	14374.388596337632
188.53728382996002	14056.92089169148
190.3338351700077	14185.268788719053
192.13038651005533	14296.843854110568
193.92693785010297	14178.983858904165
195.72348919015062	14259.022878807447
197.52004053019826	14211.507583941935
199.3165918702459	14232.855893526741
201.11314321029354	14204.9764124513
202.9096945503412	14145.907838476243
204.70624589038883	14071.373158322916
206.50279723043647	14189.371970368642
208.2993485704841	13995.278919224851
210.09589991053176	14011.020264031293
211.8924512505794	13964.679311836133
213.68900259062707	14382.684572306547
215.4855539306747	14265.148522876343
217.28210527072235	14008.322294677686
219.07865661077	14054.315485768611
220.87520795081764	14263.109995890334
222.67175929086528	13965.921968081795
224.46831063091292	13865.427235535932
226.26486197096057	14072.258396132667
228.0614133110082	14520.405649216471
229.85796465105585	14211.56578492699
231.65451599110347	14358.97713804632
233.4510673311511	14203.984356537445
235.24761867119878	14361.82614560062
237.04417001124642	14089.159685903165
238.84072135129406	14208.673149947583
240.6372726913417	14059.080490417593
242.43382403138935	14575.371807039743
244.230375371437	14210.578735729263
246.02692671148463	14546.56860671677
247.82347805153228	14500.471056356
249.62002939157992	14638.391898869259
251.41658073162756	14631.246391825649
253.2131320716752	14755.37828989295
255.00968341172285	14442.059420900052
256.8062347517705	14797.237775424892
258.60278609181813	14534.63970296934
260.3993374318658	14717.137901972153
262.1958887719134	14754.419233672685
263.99244011196106	14971.316133926164
265.7889914520087	14662.15497705026
267.58554279205634	14865.588374566776
269.38209413210404	14990.747989906082
271.1786454721517	15112.098546637715
272.97519681219933	15258.441728063266
274.77174815224697	15106.962575327505
276.5682994922946	15015.115582267643
278.36485083234226	15394.703319026545
280.1614021723899	15055.095420163003
281.95795351243754	15396.948426945035
283.7545048524852	15389.498989048243
285.5510561925328	15758.49063631414
287.34760753258047	15573.427586706863
289.1441588726281	15516.980282088438
290.94071021267575	15776.660598026287
292.7372615527234	15688.806942715628
294.53381289277104	15841.824358817263
296.3303642328187	15809.551388619297
298.1269155728663	16007.180483313714
299.92346691291397	16510.490537625687
301.7200182529616	16150.252655693923
303.51656959300925	16035.321827562897
305.3131209330569	16331.20231048391
307.10967227310454	16876.760762449972
308.9062236131522	16878.824648870625
310.7027749531998	16784.7277675967
312.49932629324746	16386.40688620866
314.2958776332951	17227.16388755691
316.0924289733428	16707.766963931135
317.88898031339045	17190.148042716635
319.6855316534381	17079.497999409643
321.48208299348573	17382.75977921788
323.2786343335334	17205.105065559834
325.075185673581	17569.460596005
326.87173701362866	17606.63497171336
328.6682883536763	18022.98319799822
330.46483969372395	17615.13491444343
332.2613910337716	17627.81553560147
334.05794237381923	17861.096822886866
335.8544937138669	17867.590156419537
337.6510450539145	18194.562958004786
339.44759639396216	18047.652436557903
341.2441477340098	18203.7934882055
343.04069907405744	18761.48442543857
344.8372504141051	18289.534394740815
346.6338017541527	18525.88707558936
348.43035309420037	18374.061538920323
350.226904434248	19554.397552728366
352.02345577429566	18868.88266250487
353.8200071143433	18896.67022592628
355.61655845439094	19241.929332161337
357.4131097944386	19709.166834423097
359.2096611344862	19807.964665585394
361.00621247453387	19763.645085888118
362.80276381458157	19812.37886569516
364.5993151546292	20477.80120500933
366.39586649467685	20110.135323410865
368.1924178347245	20366.62632621929
369.98896917477214	20362.974426153276
371.7855205148198	21331.809898517447
373.5820718548674	20512.27829605591
375.37862319491506	20679.69350661639
377.1751745349627	20379.12855247914
378.97172587501035	21203.597870824193
380.768277215058	21342.589414518898
382.56482855510563	21209.96900938318
384.3613798951533	21023.201218798145
386.1579312352009	21771.080691319334
387.95448257524856	21915.207163069314
389.7510339152962	22388.984771735057
391.54758525534385	22139.641277165156
393.3441365953915	22285.208497332616
395.14068793543913	22175.80747482996
396.9372392754868	22334.317438507635
398.7337906155344	22385.713707453677
400.53034195558206	22903.213128143172
402.3268932956297	22696.836630353082
404.12344463567734	22379.311093713965
405.919995975725	22678.708992752476
407.7165473157727	23175.388771725186
409.51309865582033	23150.451606750066
411.30964999586797	23312.649676537338
413.1062013359156	23203.254540058933
414.90275267596326	23213.809066291113
416.6993040160109	23108.256487868428
418.49585535605854	23433.370036069336
420.2924066961062	23452.97783857834
422.0889580361538	23281.30851720319
423.88550937620147	22723.573864285303
425.6820607162491	23267.879376738027
427.47861205629675	23337.869050772562
429.2751633963444	23703.977511986603
431.07171473639204	23391.752503832296
432.8682660764397	23086.47543775183
434.6648174164873	23453.465866618706
436.46136875653497	23264.834251998578
438.2579200965826	22618.690877196248
440.05447143663025	22267.864036285107
441.8510227766779	21367.971714180665
443.64757411672554	22401.258977477104
445.4441254567732	21697.498825901563
447.2406767968208	21794.848559897517
449.03722813686846	20926.42783921427
450.8337794769161	20834.55437501933
452.63033081696375	20077.378900099266
454.42688215701145	20435.70503946921
456.2234334970591	19975.876345253964
458.01998483710673	20072.131196795744
459.8165361771544	18831.88326140964
461.6130875172021	18853.914770826188
463.4096388572497	18383.377963971074
465.20619019729736	17741.716862931014
467.002741537345	17359.078093467986
468.79929287739265	17460.859315113892
470.5958442174403	17066.99314067297
472.39239555748793	16461.59790111145
474.1889468975356	16349.790998742215
475.9854982375832	15982.19907724909
477.78204957763086	15620.223496344184
479.5786009176785	15495.777696044672
481.37515225772614	15150.27042708065
483.1717035977738	14988.321185847442
484.9682549378214	14784.586622270792
486.76480627786907	14932.838294347688
488.5613576179167	14433.102545011123
490.35790895796436	13974.501325298257
492.154460298012	13816.240407359217
493.95101163805964	14003.211445093475
495.7475629781073	13845.61722898145
497.5441143181549	13556.322623630142
499.34066565820257	14054.519431306002
501.1372169982502	13560.311185089698
502.93376833829785	13251.78476146874
504.73031967834555	13256.12798691845
506.5268710183932	12805.313028247694
508.32342235844084	13217.145338270799
510.1199736984885	13391.3403423451
511.9165250385361	13286.026580549635
513.7130763785838	13202.181095589596
515.5096277186314	13256.484064302776
517.306179058679	13037.858122317439
519.1027303987266	13575.966723256644
520.8992817387743	13233.523531578647
522.6958330788219	13033.43603855278
524.4923844188696	13156.301293877734
526.2889357589172	13283.621013260745
528.0854870989649	13359.380639406498
529.8820384390126	13378.85589015704
531.6785897790602	13288.769363548783
533.4751411191079	13367.691627708653
535.2716924591555	13715.690100123138
537.0682437992032	13840.935452066706
538.8647951392508	13604.816597947802
540.6613464792985	13642.678996220782
542.457897819346	13904.167507607614
544.2544491593937	14396.297934109394
546.0510004994413	14176.839468305618
547.847551839489	14227.865399782919
549.6441031795366	14282.90639553594
551.4406545195843	14646.892906633731
553.2372058596319	15306.629841664606
555.0337571996796	15300.861372272973
556.8303085397272	15491.575048378398
558.6268598797749	15924.196515532223
560.4234112198225	16139.263053544208
562.2199625598702	16724.138727082733
564.0165138999178	17038.587471930517
565.8130652399655	16550.272537592457
567.609616580013	17778.211002961663
569.4061679200607	18243.8488995433
571.2027192601083	18867.20897677513
572.999270600156	20151.85833424937
574.7958219402037	19765.046958141964
576.5923732802513	20524.476937971034
578.388924620299	20794.824827482847
580.1854759603466	22319.67751243883
581.9820273003943	22429.753026205984
583.7785786404419	23557.128216875222
585.5751299804896	24824.143354140295
587.3716813205372	25930.27297459959
589.1682326605849	26712.941924974722
590.9647840006324	28491.033905274533
592.7613353406801	29725.971291800994
594.5578866807277	31474.54878707392
596.3544380207754	32959.66853174403
598.150989360823	34781.286170156665
599.9475407008707	36886.50398572155
601.7440920409183	41042.93009845718
603.540643380966	41798.265231370664
605.3371947210136	44756.10656927749
607.1337460610613	47880.07596140666
608.9302974011089	52531.254437279356
610.7268487411566	54967.07999954523
612.5234000812042	59122.433813487914
614.3199514212519	62667.47836062537
616.1165027612994	69332.93355507316
617.9130541013471	72533.13582584306
619.7096054413947	78700.81872046604
621.5061567814424	82591.98475584436
623.3027081214901	89022.93646531376
625.0992594615377	92455.88839665466
626.8958108015854	98593.86693281741
628.692362141633	104030.7829994783
630.4889134816807	113783.59301440037
632.2854648217283	116733.00769866795
634.082016161776	120889.61091794925
635.8785675018236	127455.49577193038
637.6751188418713	133550.2126476604
639.4716701819189	138348.0485607778
641.2682215219666	143569.23264506817
643.0647728620141	146653.78129351191
644.8613242020618	153567.34688636026
646.6578755421094	154794.22908914532
648.4544268821571	156355.32157922984
650.2509782222047	158258.4809183288
652.0475295622524	160449.90999698074
653.8440809023	158350.10794558452
655.6406322423477	158212.58397530875
657.4371835823953	154638.14365175326
659.233734922443	157638.3778966098
661.0302862624906	152380.1768533377
662.8268376025383	147835.3859046742
664.6233889425858	142485.79918955505
666.4199402826335	137643.82412702753
668.2164916226812	131039.11703521233
670.0130429627288	125424.95424345825
671.8095943027765	118396.09893186014
673.6061456428241	114473.72565785819
675.4026969828718	104740.43991541494
677.1992483229194	96752.15387766635
678.9957996629671	90752.34559894756
680.7923510030147	84259.52722755566
682.5889023430624	75660.00882378282
684.38545368311	69859.28023512741
686.1820050231577	61380.619946844046
687.9785563632053	58391.847788135274
689.775107703253	49232.59724616987
691.5716590433005	46280.92887671379
693.3682103833482	38874.89616203345
695.1647617233958	34473.07882966515
696.9613130634435	29445.337953308113
698.7578644034911	25551.12402402241
700.5544157435388	22112.153691231906
702.3509670835864	18741.44328618458
704.1475184236341	15907.752643848044
705.9440697636817	13167.802145298807
707.7406211037294	11605.149266095175
709.537172443777	9344.953847012295
711.3337237838247	7963.493331721981
713.1302751238723	6344.074895699728
714.92682646392	5080.643423505988
716.7233778039677	4781.792224997622
718.5199291440152	3623.3459698550696
720.3164804840629	2729.464287440785
722.1130318241105	2397.565347521951
723.9095831641582	1868.856709575842
725.7061345042058	1568.4655436753615
727.5026858442535	1323.3863656208352
729.2992371843011	959.8381110514789
731.0957885243488	966.3318652369095
732.8923398643964	860.3065253357171
734.6888912044441	799.0633611359408
736.4854425444917	692.6206116283922
738.2819938845394	693.0400781928718
740.078545224587	484.8186323695514
741.8750965646346	501.9521194465263
743.6716479046822	468.27909997222133
745.4681992447299	366.82297381900935
747.2647505847775	564.4440114218559
749.0613019248252	474.1744796526563
750.8578532648728	366.91856940981097
752.6544046049205	462.83495505541447
754.4509559449681	389.3811832323525
756.2475072850158	434.397038037675
758.0440586250634	406.02675584110244
759.8406099651111	321.27569913009654
761.6371613051588	478.8028419544852
763.4337126452064	332.1066338402234
765.230263985254	466.81350747588675
767.0268153253016	348.37573216786654
768.8233666653493	286.26445678786973
770.6199180053969	358.81244891858364
772.4164693454446	380.74570471659194
774.2130206854922	357.84257555727703
776.0095720255399	424.2853205063394
777.8061233655875	339.97904187376304
779.6026747056352	378.31514370683453
781.3992260456828	327.61443452828996
783.1957773857305	365.7328404558901
784.9923287257781	431.28618760709236
786.7888800658258	353.0554223410467
788.5854314058734	401.71487712037657
790.381982745921	389.6950394935888
792.1785340859686	366.73410572615256
793.9750854260163	305.6413940526422
795.7716367660639	261.18600762649015
797.5681881061116	357.9919214095957
799.3647394461592	281.117958545034
801.1612907862069	312.4667359828507
802.9578421262545	343.5422837780587
804.7543934663022	288.7696814206072
806.5509448063499	351.55387693473176
808.3474961463975	302.37424928749886
810.1440474864452	237.70357035172287
811.9405988264928	289.2476160729121
813.7371501665405	329.80836023599215
815.533701506588	286.5677987233494
817.3302528466357	264.4280600481181
819.1268041866833	299.2034743439412
820.923355526731	287.37972179343006
822.7199068667786	250.10444290501766
824.5164582068263	228.41387888349777
826.3130095468739	287.67131938195195
828.1095608869216	285.9796249838953
829.9061122269692	299.2103075541844
831.7026635670169	282.48249252254675
833.4992149070645	251.13334059944054
835.2957662471122	298.4059936208608
837.0923175871598	242.9501146483777
838.8888689272075	255.75150182525363
840.685420267255	311.4416515687569
842.4819716073027	275.8913930565903
844.2785229473503	288.01338654785025
846.075074287398	229.602994962046
847.8716256274456	218.526462974017
849.6681769674933	249.08690535142188
851.4647283075409	297.4047561978133
853.2612796475886	217.81105066074235
855.0578309876363	202.4800758097131
856.8543823276839	231.96985166776878
858.6509336677316	172.45623498561463
860.4474850077792	192.83289956661918
862.2440363478269	195.42658080260273
864.0405876878744	197.92497032637587
865.8371390279221	187.54113787632576
867.6336903679697	173.0847699316342
869.4302417080174	183.94559396666696
871.226793048065	153.15505755334718
873.0233443881127	163.9133560448791
874.8198957281603	210.9186194457434
876.616447068208	164.5833309830865
878.4129984082556	150.94193605628365
880.2095497483033	184.70692245317255
882.0061010883509	206.04193678796523
883.8026524283986	161.495242509058
885.5992037684462	190.12893372298436
887.3957551084939	172.95842982683428
889.1923064485414	204.45186998725882
890.9888577885891	158.008715844708
892.7854091286367	181.59646520386022
894.5819604686844	172.28400595828055
896.378511808732	187.9699470289
898.1750631487797	147.16824702823578
899.9716144888274	121.15171831173127
901.768165828875	143.5995086351671
903.5647171689227	185.71838952664558
905.3612685089703	130.04474998850623
907.157819849018	148.15803000874757
908.9543711890656	175.5255750997239
910.7509225291133	150.80960676017966
912.5474738691609	104.5156154959808
914.3440252092086	115.65321247331595
916.1405765492561	163.48363205823603
917.9371278893038	234.36152889180744
919.7336792293514	114.11223273061051
921.530230569399	103.68753319332866
923.3267819094466	87.66931044683363
925.1233332494943	100.88375223246005
926.9198845895419	105.18209640236132
928.7164359295896	137.36757203691644
930.5129872696372	110.57535940389072
932.3095386096849	100.84945407131187
934.1060899497324	99.42859200062878
935.9026412897801	95.37073343237975
937.6991926298278	80.95500870797078
939.4957439698754	90.09213123270291
941.2922953099231	106.5548666543152
943.0888466499707	117.51585032441183
944.8853979900184	88.7045890495811
946.681949330066	94.69446446467025
948.4785006701137	117.23164109941624
950.2750520101613	84.86202631919465
952.071603350209	88.25329699415049
953.8681546902566	82.3685746656452
955.6647060303043	83.39666463359822
957.4612573703519	82.15116273417324
959.2578087103996	63.423916912039395
961.0543600504471	56.00804573170422
962.8509113904948	78.50198366912775
964.6474627305424	96.1212201038022
966.4440140705901	88.4899594781871
968.2405654106377	70.93165470597563
970.0371167506854	55.880441276108556
971.833668090733	66.81816178698669
973.6302194307807	71.60049256446239
975.4267707708283	59.069095257425744
977.223322110876	54.408581052771375
979.0198734509236	68.3485182851603
980.8164247909713	49.106284138161165
982.612976131019	76.99745619891878
984.4095274710666	45.83584998873179
986.2060788111143	43.38964352700594
988.0026301511618	64.92838593562003
989.7991814912095	52.14457396426251
991.5957328312571	52.989030560482995
993.3922841713048	48.903350318853725
995.1888355113524	59.37366772786138
996.9853868514001	34.75231051754963
998.7819381914477	76.19396877916665
1000.5784895314954	47.45095735683353
1002.375040871543	55.74932548851453
1004.1715922115907	59.32652331645216
1005.9681435516383	55.47795931270168
1007.764694891686	47.42379411164074
1009.5612462317335	48.09553707613931
1011.3577975717812	48.73443733219347
1013.1543489118288	50.71199941792888
1014.9509002518765	44.52086413854542
1016.7474515919241	57.10297728107991
1018.5440029319718	37.90787393143918
1020.3405542720194	39.88735070167772
1022.1371056120671	35.462959356691265
1023.9336569521147	36.154319653968805
1025.7302082921624	41.72425505343997
1027.52675963221	41.07132410520499
1029.3233109722578	36.86163755638272
1031.1198623123053	35.11484414741639
1032.916413652353	40.32718299155804
1034.7129649924007	36.29479326260996
1036.5095163324484	40.19442930668643
1038.3060676724958	32.97300228014206
1040.1026190125435	27.04931723116579
1041.8991703525912	29.823520220355057
1043.695721692639	37.747985211773994
1045.4922730326864	26.838680508686057
1047.288824372734	26.421905103477055
1049.0853757127818	33.015236066063515
1050.8819270528295	31.51861530101967
1052.678478392877	26.18212351558483
1054.4750297329247	32.46022322106599
1056.2715810729724	25.3790647933562
1058.06813241302	26.838432225981467
1059.8646837530675	25.513658480002956
1061.6612350931152	28.709705899203758
1063.457786433163	31.801971546013483
1065.2543377732106	25.225004680418042
1067.050889113258	27.407794718199643
1068.8474404533058	26.98822324903749
1070.6439917933535	14.948807885627218
1072.4405431334012	27.805610730784984
1074.2370944734487	14.49624097302496
1076.0336458134964	20.620334102252286
1077.830197153544	26.555285334483774
1079.6267484935918	25.383184901687983
1081.4232998336395	21.210987714565146
1083.219851173687	20.144107614204852
1085.0164025137346	17.635500240949618
1086.8129538537823	17.369649730120596
1088.60950519383	14.969714936614318
1090.4060565338775	25.27681913827808
1092.2026078739252	15.215270499954077
1093.999159213973	17.03121350655327
1095.7957105540206	18.118805456515293
1097.592261894068	20.492712136529608
1099.3888132341158	13.67542487268717
1101.1853645741635	19.245912891496133
1102.9819159142112	12.640231295254416
1104.7784672542587	13.698329180763555
1106.5750185943064	11.04204546732687
1108.371569934354	17.527478057181078
1110.1681212744018	8.932427113836873
1111.9646726144492	13.495074979412223
1113.761223954497	20.23472386679794
1115.5577752945446	10.254066082986236
1117.3543266345923	14.033650192345409
1119.1508779746398	17.14794523681618
1120.9474293146875	11.447277938282955
1122.7439806547352	14.504143041550313
1124.540531994783	10.588064386670455
1126.3370833348306	14.087098460089214
1128.133634674878	13.369505006029762
1129.9301860149258	7.095242447201535
1131.7267373549735	7.492741645721009
1133.5232886950212	14.278115808412624
1135.3198400350686	9.70598118248641
1137.1163913751163	7.175471306860112
1138.912942715164	10.845509019324725
1140.7094940552117	6.972516145564453
1142.5060453952592	7.33175051606342
1144.302596735307	8.131354793486935
1146.0991480753546	9.352456903486106
1147.8956994154023	8.342368331290025
1149.6922507554498	6.0604723679551515
1151.4888020954975	7.255768148671575
1153.2853534355452	7.154063672933875
1155.0819047755929	6.224119509615621
1156.8784561156403	9.819606365579514
1158.675007455688	7.262144927842192
1160.4715587957357	7.559080655147257
1162.2681101357834	4.3156323646237285
1164.064661475831	4.642830072471005
1165.8612128158786	6.104986688883357
1167.6577641559263	6.397204953121257
1169.454315495974	8.53609403787582
1171.2508668360217	4.026497691296854
1173.0474181760692	6.498664054153942
1174.8439695161169	6.766052869316841
1176.6405208561646	3.86383044041783
1178.4370721962123	5.890216523202699
1180.2336235362598	7.519264260079384
1182.0301748763075	7.754685448273357
1183.8267262163552	4.323910810781018
1185.6232775564029	6.234438261163954
1187.4198288964503	6.150649722226621
1189.216380236498	5.7487955427832
1191.0129315765457	4.41146298233145
1192.8094829165934	4.974370116882192
1194.606034256641	5.521630908023503
1196.4025855966886	4.540211744085712
1198.1991369367363	7.4666886787060776
1199.995688276784	2.6524482287827147
1201.7922396168315	4.071570661544009
1203.5887909568792	4.878940662581021
1205.3853422969269	2.8322553505603643
1207.1818936369746	5.310738171812912
1208.978444977022	3.310278147117334
1210.7749963170697	5.172873232768069
1212.5715476571174	5.105518397544666
1214.3680989971651	4.773970695839303
1216.1646503372128	3.6649600130208975
1217.9612016772603	3.8759606485262665
1219.757753017308	5.356328393323154
1221.5543043573557	4.028473958368667
1223.3508556974034	2.7340017426310794
1225.1474070374509	2.944324608355455
1226.9439583774986	4.117792812381196
1228.7405097175463	4.304393405359664
1230.537061057594	3.5413374943587037
1232.3336123976414	5.128000249936423
1234.1301637376891	4.602749193922419
1235.9267150777368	4.3173325393397235
1237.7232664177845	4.038513925160845
1239.519817757832	5.98153411414352
1241.3163690978797	4.156374656794733
1243.1129204379274	3.4562554240710317
1244.909471777975	3.8396847762583333
1246.7060231180226	4.634420013942214
1248.5025744580703	6.241026083179027
1250.299125798118	3.9035768228765373
1252.0956771381657	4.666848165420368
1253.8922284782132	3.8075746364772436
1255.6887798182609	4.5523316728739
1257.4853311583086	4.105336894329649
1259.2818824983563	5.020401811268665
1261.078433838404	3.242364319390679
1262.8749851784514	4.1447222580881355
1264.6715365184991	2.9775883906323486
1266.4680878585468	3.3090333199421975
1268.2646391985945	3.9952803761995774
1270.061190538642	3.2292746708734
1271.8577418786897	3.3674867683463683
1273.6542932187374	3.3268834957376785
1275.450844558785	4.324815012759307
1277.2473958988326	3.7601532629735965
1279.0439472388803	4.7283324249947105
1280.840498578928	4.004423896230849
1282.6370499189757	4.286399762131445
1284.4336012590231	3.746703562523555
1286.2301525990708	3.8631940668689015
1288.0267039391185	3.499317318386898
1289.8232552791662	2.829241690121506
1291.6198066192137	4.34914585341883
1293.4163579592614	4.144475368413737
1295.212909299309	4.854304963065522
1297.0094606393568	2.9984011599547453
1298.8060119794043	4.296865384132129
1300.602563319452	4.539633155321634
1302.3991146594997	4.486806527537717
1304.1956659995474	4.720819579943711
1305.992217339595	3.959136723887477
1307.7887686796425	3.494078323003425
1309.5853200196902	2.48671724347062
1311.381871359738	2.8677781109121914
1313.1784226997856	3.104827490578392
1314.9749740398331	4.136811393894014
1316.7715253798808	2.506472693920626
1318.5680767199285	4.042847349678167
1320.3646280599762	2.965381977470654
1322.1611794000237	3.1866239906327385
1323.9577307400714	2.3943808343411925
1325.754282080119	2.8656757412627525
1327.5508334201668	3.3260846108013236
1329.3473847602143	2.9232218934248118
1331.143936100262	2.769937986529653
1332.9404874403097	1.9053048858502895
1334.7370387803574	2.590478839072145
1336.5335901204048	1.9793823935962123
1338.3301414604525	3.1086975089482443
1340.1266928005002	3.187991247327901
1341.923244140548	1.3511238311900216
1343.7197954805954	1.892901617285072
1345.516346820643	2.3124586988893365
1347.3128981606908	1.7424509487271975
1349.1094495007385	2.046399165706298
1350.906000840786	2.450027735229773
1352.7025521808337	1.8964102483998282
1354.4991035208814	1.6672724204724123
1356.295654860929	1.8552225666531053
1358.0922062009768	1.631137316627222
1359.8887575410242	1.0083879092860097
1361.685308881072	1.6956790911478539
1363.4818602211196	1.282670771518255
1365.2784115611673	1.5616326616741845
1367.0749629012148	1.5448127843120512
1368.8715142412625	1.7192349396902307
1370.6680655813102	1.0393746119022074
1372.464616921358	1.1217269897338424
1374.2611682614054	1.2947032440846382
1376.057719601453	1.189409949713165
1377.8542709415008	1.1767583355683726
1379.6508222815485	0.8060311446920514
1381.447373621596	1.6835961675718558
1383.2439249616436	0.7013889581115847
1385.0404763016913	0.7807385399872786
1386.837027641739	0.6866837864540213
1388.6335789817865	0.2548010715017991
1390.4301303218342	0.9244753300918183
1392.226681661882	1.1642942301488706
1394.0232330019296	0.6583641178693965
1395.819784341977	0.5700658380823352
1397.6163356820248	0.40295552074697694
1399.4128870220725	0.3190189730593171
1401.2094383621202	0.5525012037143479
1403.0059897021679	0.07811295612932784
1404.8025410422154	0.23192170648732094
1406.599092382263	0.45906862707517676
1408.3956437223108	0.4543525310944286
1410.1921950623585	0.14989809688918893
1411.988746402406	0.3709109040056833
1413.7852977424536	0.22027405283242013
1415.5818490825013	0.21802927915129147
1417.378400422549	0.43162366046162376
1419.1749517625965	0.2848284282272116
1420.9715031026442	0.14097158212573488
1422.768054442692	0.27909281802073416
1424.5646057827396	0.41441535057526235
1426.361157122787	0.20512119744402416
1428.1577084628348	0.20305982462525857
1429.9542598028825	0.06700773569122792
1431.7508111429302	0.597033001607442
1433.5473624829776	0.39404573233306067
1435.3439138230253	0.32509745072513424
1437.140465163073	0.19311748503286089
1438.9370165031207	0.12746639118861516
1440.7335678431682	0.18930445755119454
1442.530119183216	0.43734082970516985
1444.3266705232636	0.0
1446.1232218633113	0.3675051528991654
1447.919773203359	0.18194543979242425
1449.7163245434065	0.24021273884484637
1451.5128758834542	0.35678925964599706
1453.3094272235019	0.29441730279426104
1455.1059785635496	0.46647074373405006
1456.902529903597	0.17322279501509508
1458.6990812436447	0.3430778155669353
1460.4956325836924	0.28312433189521224
1462.2921839237401	0.2803826751771674
1464.0887352637876	0.1110691105001174
1465.8852866038353	0.16499652508868112
1467.681837943883	0.10893862069033575
1469.4783892839307	0.10789175688823685
1471.2749406239782	0.05342846449481461
1473.0714919640259	0.15875096469712885
1474.8680433040736	0.10482274120916257
1476.6645946441213	0.05191153375151819
1478.4611459841688	0.0
1480.2576973242165	0.15278669031605008
1482.0542486642642	0.20178378683744447
1483.8508000043118	0.09993695502170317
1485.6473513443593	0.19798566794286343
1487.443902684407	0.049029694020982055
1489.2404540244547	0.04856823856359424
1491.0370053645024	0.14433594480853965
1492.8335567045501	0.19064342061255635
1494.6301080445976	0.09442958447408804
1496.4266593846453	0.0
1498.223210724693	0.0926751880747482
1500.0197620647407	0.045906329691648366
1501.8163134047882	0.18191948289381502
1503.6128647448359	0.04505815495271778
1505.4094160848836	0.044641121112157026
1507.2059674249313	0.2211435441618194
1509.0025187649787	0.0
1510.7990701050264	0.0
1512.5956214450741	0.0860372216517669
1514.3921727851218	0.0
1516.1887241251693	0.0
1517.985275465217	0.0
1519.7818268052647	0.08293267490247345
1521.5783781453124	0.08217765477808814
1523.3749294853599	0.0
1525.1714808254076	0.08069220806673447
1526.9680321654553	0.03998078718085672
1528.764583505503	0.1188582972332905
1530.5611348455504	0.039261989784565694
1532.3576861855981	0.038908410076628736
1534.1542375256458	0.0
1535.9507888656935	0.07642529204837921
1537.7473402057412	0.03787036670318132
1539.5438915457887	0.03753176032592242
1541.3404428858364	0.0
1543.136994225884	0.0
1544.9335455659318	0.0
1546.7300969059793	0.0
1548.526648246027	0.07178448300213001
1550.3231995860747	0.03557473299352412
1552.1197509261224	0.0
1553.9163022661699	0.03494977101399394
1555.7128536062175	0.0
1557.5094049462652	0.034337942103209965
1559.305956286313	0.034036852076937976
1561.1025076263604	0.0337389258711067
1562.8990589664081	0.03344412482078734
1564.6956103064558	0.0
1566.4921616465035	0.0
1568.288712986551	0.0
1570.0852643265987	0.0
1571.8818156666464	0.032015680773179164
1573.678367006694	0.031738848202184984
1575.4749183467416	0.031464884717927945
1577.2714696867893	0.0
1579.068021026837	0.030925427113590198
1580.8645723668847	0.0
1582.6611237069321	0.0
1584.4576750469798	0.030136909308653773
1586.2542263870275	0.0
1588.0507777270752	0.0
1589.847329067123	0.0
1591.6438804071704	0.02912276773279928
1593.440431747218	0.0
1595.2369830872658	0.0
1597.0335344273135	0.0
1598.830085767361	0.0
1600.6266371074087	0.027912110804914268
1602.4231884474564	0.0
1604.219739787504	0.0
1606.0162911275515	0.027214713001199334
1607.8128424675992	0.0
1609.609393807647	0.0267613946213148
1611.4059451476946	0.0
1613.202496487742	0.026317115180398518
1614.9990478277898	0.0
1616.7955991678375	0.02588166521967915
1618.5921505078852	0.025667187351549103
1620.3887018479327	0.025454840797360382
1622.1852531879804	0.0
1623.981804528028	0.0
1625.7783558680758	0.0
1627.5749072081232	0.02462627941714193
1629.371458548171	0.0
1631.1680098882186	0.0
1632.9645612282663	0.0
1634.761112568314	0.02382990380782692
1636.5576639083615	0.023635667491306907
1638.3542152484092	0.046886659947347406
1640.150766588457	0.0
1641.9473179285046	0.0
1643.743869268552	0.0
1645.5404206085998	0.04538507952181637
1647.3369719486475	0.02250937754949081
1649.1335232886952	0.0
1650.9300746287427	0.0
1652.7266259687904	0.0
1654.523177308838	0.0
1656.3197286488858	0.021619768892747585
1658.1162799889332	0.0
1659.912831328981	0.021275790626190498
1661.7093826690286	0.021106268557128632
1663.5059340090763	0.0
1665.3024853491238	0.020772067187430233
1667.0990366891715	0.0
1668.8955880292192	0.0
1670.692139369267	0.0
1672.4886907093144	0.020122538367563465
1674.285242049362	0.01996398725800521
1676.0817933894098	0.0
1677.8783447294575	0.01965136460277462
1679.6748960695052	0.0
1681.4714474095526	0.0
1683.2679987496003	0.038386770129321526
1685.064550089648	0.0
1686.8611014296957	0.0
1688.6576527697432	0.0
1690.454204109791	0.0
1692.2507554498386	0.0
1694.0473067898863	0.0
1695.8438581299338	0.0
1697.6404094699815	0.03606679574548112
1699.4369608100292	0.0
1701.2335121500769	0.0
1703.0300634901243	0.0
1704.826614830172	0.0
1706.6231661702197	0.017351121304456662
1708.4197175102674	0.0
1710.216268850315	0.0
1712.0128201903626	0.0
1713.8093715304103	0.0
1715.605922870458	0.0
1717.4024742105055	0.0
1719.1990255505532	0.0
1720.995576890601	0.0
1722.7921282306486	0.0
1724.5886795706963	0.0
1726.3852309107438	0.0
1728.1817822507915	0.0
1729.9783335908392	0.015717295425754313
1731.7748849308869	0.0
1733.5714362709343	0.030965320660851225
1735.367987610982	0.04610076657050519
1737.1645389510297	0.015252222293986668
1738.9610902910774	0.0
1740.757641631125	0.015025893938727199
1742.5541929711726	0.01491424415406038
1744.3507443112203	0.0
1746.147295651268	0.0
1747.9438469913155	0.0
1749.7403983313632	0.028954996073467437
1751.5369496714109	0.01437072393313724
1753.3335010114586	0.014264894887283474
1755.130052351506	0.0
1756.9266036915537	0.0
1758.7231550316014	0.0
1760.5197063716491	0.013850835972595251
1762.3162577116966	0.0
1764.1128090517443	0.0
1765.909360391792	0.0
1767.7059117318397	0.0
1769.5024630718874	0.0
1771.2990144119349	0.0
1773.0955657519826	0.0
1774.8921170920303	0.026130446759817044
1776.688668432078	0.012970833044257007
1778.4852197721254	0.012877261166322753
1780.2817711121731	0.0
1782.0783224522208	0.0
1783.8748737922685	0.0
1785.671425132316	0.0
1787.4679764723637	0.02484278471192492
1789.2645278124114	0.0
1791.0610791524591	0.01224449166624703
1792.8576304925066	0.0
1794.6541818325543	0.012070610535038481
1796.450733172602	0.0
1798.2472845126497	0.0
1800.0438358526972	0.0
1801.8403871927449	0.0
1803.6369385327926	0.02329745555908595
1805.4334898728403	0.011566491128597048
1807.2300412128877	0.0
1809.0265925529354	0.02280820305391086
1810.8231438929831	0.0
1812.6196952330308	0.0
1814.4162465730783	0.0
1816.212797913126	0.0
1818.0093492531737	0.0
1819.8059005932214	0.0
1821.602451933269	0.0
1823.3990032733166	0.0
1825.1955546133643	0.010706403639561591
1826.992105953412	0.0
1828.7886572934597	0.0
1830.5852086335071	0.010485318564202999
1832.3817599735548	0.010412845857527376
1834.1783113136025	0.0
1835.9748626536502	0.0
1837.7714139936977	0.0
