0.000000000000000000e+00
0.000000000000000000e+00
5.244892028277972074e+00
0.000000000000000000e+00
0.000000000000000000e+00
0.000000000000000000e+00
0.000000000000000000e+00
0.000000000000000000e+00
1.226409862387139924e+02
1.453066573759819846e+02
4.602188616922316555e+02
5.921358087278498488e+02
5.965744106846858585e+02
6.309761803035362391e+02
5.920873879428535247e+02
6.769560171572348963e+02
7.400548860622042184e+02
6.745240210402124603e+02
7.098205207581950162e+02
7.389211605500697715e+02
6.808426863755585146e+02
6.720683141118222466e+02
6.797138958867401470e+02
7.201063420862005842e+02
7.154926239062283457e+02
8.150987255553897057e+02
8.778551420834422743e+02
9.609683868770691788e+02
9.777484487914002784e+02
1.144339756403025376e+03
1.316911722541386780e+03
1.494456052259384251e+03
1.616947168407319396e+03
1.810599957009521177e+03
1.867917997773045272e+03
2.012683159425745544e+03
2.011096292701909988e+03
1.890712185682079962e+03
1.835456802388342567e+03
1.714274113939070048e+03
1.619589778115997206e+03
1.579810569249983018e+03
1.510650048681805174e+03
1.399925805711588509e+03
1.402951895655231738e+03
1.315672395687460948e+03
1.250764096372270387e+03
1.216346308619513366e+03
1.172821172658544356e+03
1.181115752122403364e+03
1.271725657185754699e+03
1.288243684159915802e+03
1.267208496663419510e+03
1.281777487999074083e+03
1.346215021391673872e+03
1.380219125832735244e+03
1.396989751968254041e+03
1.414831133540147448e+03
1.440873656332374367e+03
1.479204282085384420e+03
1.558380204327392221e+03
1.538763210530604965e+03
1.519168644241512311e+03
1.466928049891863566e+03
1.500467236298058197e+03
1.563725984022721150e+03
1.512563536904565581e+03
1.578038857704175371e+03
1.457261963409793680e+03
1.444982886619577812e+03
1.491180517182990116e+03
1.481036089053626711e+03
1.513027207377100467e+03
1.555387832672992772e+03
1.559788669697489922e+03
1.519954669585314150e+03
1.584187961176937051e+03
1.565012267955016796e+03
1.570620943425574524e+03
1.833649778255838328e+03
1.689585152939633645e+03
1.732732047013272677e+03
1.689954464036967465e+03
1.816300348423840887e+03
1.881657168605601782e+03
1.925355973189162114e+03
1.945244168830085755e+03
2.065305723267417306e+03
2.154378999256504812e+03
2.169512471538224418e+03
2.169033542557789133e+03
2.387553774591124693e+03
2.457721301758429945e+03
2.417835456461883041e+03
2.389463106567757677e+03
2.400028187364835958e+03
2.345288014739928258e+03
2.296779750743545264e+03
2.274617767456591992e+03
2.143362499454074623e+03
2.019195079272495832e+03
1.857532451741385785e+03
1.725208952854331073e+03
1.672413580359974276e+03
1.489331918194299305e+03
1.368756076677135297e+03
1.399794468044527321e+03
1.233730037652068631e+03
1.248594580154111327e+03
1.130186028818562363e+03
1.096500915590381965e+03
1.075669462685378676e+03
1.053705288479173078e+03
9.808033742134307431e+02
8.924853378983666516e+02
9.744272857413528754e+02
8.727609044049511340e+02
8.623219691948131640e+02
8.868070256168219885e+02
8.479357605307727681e+02
7.541292963447527882e+02
7.972564493812708406e+02
7.250346306335542295e+02
7.616774849957489550e+02
7.255810697344473965e+02
7.037410936792981602e+02
7.261728159984681952e+02
7.053796465276527670e+02
6.221843599610227784e+02
6.669205085169808171e+02
6.135052948817530023e+02
6.696188412918018003e+02
6.047879609767251168e+02
6.116577704228227503e+02
6.478581932335241618e+02
6.051829101998931719e+02
6.064620176426867602e+02
5.930135369632503171e+02
5.817870991077735425e+02
5.762128123775247559e+02
5.512198003447645078e+02
5.890296614873659564e+02
5.032150737562901668e+02
5.790095527853465001e+02
4.743788538010462617e+02
5.043003321427956962e+02
4.904109312463855872e+02
5.645682215065804712e+02
5.577358478229230059e+02
5.217612476850080157e+02
5.416576226235446256e+02
5.639927702043435147e+02
5.582896508254069659e+02
5.055378433552529032e+02
5.197120915704318804e+02
4.855248400039611170e+02
5.399906238147117392e+02
4.961987966171482753e+02
4.855163964726761492e+02
4.843288169735390625e+02
4.544379549641462859e+02
4.879420876813774726e+02
4.867633511934753869e+02
4.904020826958344514e+02
4.626555206643722613e+02
4.795801852699945584e+02
4.844533522604684777e+02
4.260553810817303315e+02
4.881831899851314347e+02
4.931267203132692885e+02
4.477986883577692083e+02
4.784998249772405075e+02
4.661996465014202045e+02
4.748593726329874585e+02
5.207657162721711757e+02
4.910832417540223673e+02
4.338181994853462129e+02
4.762440356783905600e+02
4.374330175663878322e+02
4.687939496176813918e+02
4.889870537400805119e+02
4.916013955080391611e+02
4.600164542721748830e+02
4.714647372601145321e+02
4.307307379317553000e+02
4.408870850103849079e+02
4.728887567929783131e+02
4.947922402162225239e+02
4.974897485624665023e+02
4.614289576069796794e+02
4.497912322188621488e+02
4.861866635363910518e+02
4.510892525845816294e+02
4.275570321180356359e+02
4.615872754272130578e+02
4.603084862019912293e+02
4.880421238851445764e+02
4.696382106768469384e+02
4.856243447476666688e+02
4.724292540605071054e+02
4.831820608649225051e+02
4.966776824433141542e+02
4.229747713064711547e+02
4.996727082291421880e+02
4.714651075037790520e+02
4.918670519219725747e+02
4.784155430351767677e+02
5.166873596444313534e+02
5.100678307218590817e+02
5.006645865902791002e+02
4.485500548959565208e+02
4.430390587501088930e+02
4.901039979419876431e+02
4.763557370672914999e+02
4.987430615802114744e+02
4.527929335763478775e+02
5.439404323727054589e+02
4.950298973704222476e+02
5.487968942340305603e+02
5.208194997254811369e+02
5.806897515215774774e+02
6.124558306326340471e+02
6.329938696118319967e+02
5.719553083552447106e+02
5.867413724378609459e+02
6.247060190186541604e+02
6.325201090617964610e+02
6.258627505631081931e+02
5.914807249190762377e+02
6.869559832500660832e+02
6.774749559633030458e+02
7.385482924797256601e+02
7.247433605746525700e+02
7.493495820523626207e+02
7.533151555514805295e+02
7.155637576932226693e+02
8.076863406635703768e+02
8.478964153819459852e+02
8.085697127866284291e+02
8.535793308112494060e+02
7.882326804664784277e+02
8.441178539013542377e+02
8.606994824053169850e+02
8.789212334289755972e+02
8.573164305894463268e+02
8.802685069942332348e+02
9.157481742371851396e+02
9.017973236753274477e+02
8.830747077204295010e+02
9.517356700253856161e+02
8.797304747320060869e+02
1.029094521616668317e+03
9.789554692886899829e+02
8.872703264029076990e+02
9.348562982353969346e+02
8.902340841969199801e+02
9.173392559788452445e+02
9.237434161536054944e+02
9.027811353840907032e+02
9.835845835286328338e+02
8.879977381544996433e+02
9.074000681425860648e+02
9.089502813552149973e+02
9.679249480305148836e+02
9.104198440767466991e+02
7.880693132398736225e+02
8.273295652340436845e+02
8.219386099127096941e+02
8.081550036438547977e+02
7.590786592033836087e+02
7.920473235663611149e+02
7.374891549247297462e+02
7.892351052134833935e+02
7.699583271179808435e+02
7.130107364642768744e+02
7.823281387149263537e+02
7.215678320114617463e+02
7.224356058683432593e+02
7.648331854872781150e+02
7.988471194918091669e+02
6.988977145591579756e+02
6.979230339315149649e+02
6.776247755759300162e+02
6.536497942015955687e+02
7.461992251170656800e+02
6.690470454542720518e+02
6.518852605890701852e+02
6.810697484308909679e+02
7.804303381643138664e+02
7.994804101501575815e+02
7.427596621703154369e+02
7.690518166238026652e+02
8.191946496945637364e+02
8.331550627329692134e+02
8.710488749677824671e+02
9.276173270470469561e+02
9.457995949104769124e+02
1.004895046552113172e+03
9.732327998227517583e+02
1.001093874218881297e+03
1.098509701002905103e+03
9.971940542133744430e+02
1.032975199347608623e+03
1.063323416627874394e+03
1.179492840346015100e+03
1.113203068029006772e+03
1.238059905091523206e+03
1.109913923937886238e+03
1.115954988239250497e+03
1.056140422636345647e+03
1.091177195851508941e+03
1.067893394751547930e+03
1.171792655817842160e+03
1.101406034086206091e+03
1.052197476705998270e+03
1.058090159191560588e+03
1.042136934591295585e+03
9.581808698347964537e+02
9.156633956790201410e+02
9.633168601450587403e+02
9.164400462499432933e+02
8.489406156643568693e+02
7.768590392436740331e+02
6.858579235911972773e+02
6.085100681580994433e+02
5.840452164297657873e+02
6.006732214849082538e+02
5.904832661333807664e+02
5.635724331113394783e+02
4.863560408522055809e+02
4.085555705842315888e+02
4.205956762094022565e+02
3.841710132470609551e+02
3.453498588647038332e+02
3.019802463638704921e+02
3.436644270438287094e+02
2.892417298042670950e+02
2.709668298591389544e+02
2.827711989367460887e+02
2.751602795328383309e+02
2.348679372384156352e+02
2.008193414289204952e+02
2.015686606748750194e+02
1.869266750978301843e+02
1.765871830166881864e+02
1.994013816471536416e+02
1.956970939804570548e+02
1.584804351385939185e+02
1.792348301718096195e+02
1.506682750038867198e+02
1.692864927012833505e+02
1.336677038025244997e+02
1.796446812472525494e+02
1.757478903856370209e+02
1.466191786459955040e+02
1.425650803308680281e+02
1.546344154563369671e+02
1.621580275797677473e+02
1.743853014907222132e+02
1.330242358844589319e+02
1.241475513792839394e+02
1.598735442163307141e+02
8.967175753268489302e+01
1.207940696006208583e+02
1.355041400421941091e+02
1.049860364945790678e+02
1.125580922337196199e+02
1.105695416982698305e+02
1.254522941055159322e+02
1.162285513715928715e+02
7.777080439649289190e+01
6.829962737169012144e+01
7.834343342507331442e+01
5.651599410040473259e+01
6.412189567196443818e+01
7.920835158858453440e+01
5.962367162523570130e+01
4.986805141014827569e+01
4.004015304313148249e+01
4.772116859424266977e+01
2.772874551323689829e+01
3.035967792586384917e+01
4.824431747016051020e+01
4.841958449074429183e+01
4.347999399573702561e+01
2.053533577665340815e+01
2.060967826695151928e+01
2.844077431181435855e+01
1.037944891959999616e+01
2.864643599461247803e+01
3.397683121186460653e+01
2.885305345129360077e+01
1.579457169259593030e+01
2.906060799234507286e+01
1.590803493913554334e+01
2.128660402671141583e+01
8.010996816105386387e+00
1.607915542934210507e+01
1.075762470168136709e+01
2.698972855072288368e+01
2.437703141928493267e+01
5.436329034726308684e+00
1.091115613127691475e+01
1.368716178213582424e+01
2.472384824769328659e+01
1.378387236221891143e+01
1.383236391177303481e+01
1.665713361294268680e+01
1.392961343044172651e+01
2.516106407980124260e+01
1.402720993975948893e+01
8.445681117412934924e+00
8.475086063107703183e+00
8.504540038681323466e+00
1.991276531354972690e+01
2.569077602206789024e+01
1.432198075539591287e+01
2.011993861456362964e+01
1.442086394647084546e+01
2.025858394990815015e+01
2.613607719551754371e+01
2.039763594135541780e+01
1.169560559192496640e+01
5.867737057490471919e+00
1.766309469120079712e+01
1.181537155031032071e+01
2.074694702572596228e+01
1.486934453024294989e+01
2.983900607776126890e+01
8.981833220384174865e+00
9.012000086425061340e+00
1.205626879507332738e+01
1.209658256370171259e+01
2.730811570994383430e+01
1.217734094259388478e+01
1.527222916845228440e+01
2.451653275991571590e+01
1.229878896437675451e+01
1.233934997270450751e+01
9.284961216254957961e+00
1.552572849202200800e+01
2.803781783257232618e+01
9.376466923847967649e+00
1.881403838910907922e+01
2.202105558308590361e+01
2.209245325039324470e+01
2.533017428241404900e+01
1.905891545605730641e+01
1.593353421339081954e+01
9.590802918163888080e+00
6.414336041051742043e+00
6.434815415020644913e+00
2.582122471079672366e+01
3.237903886866790426e+00
1.948895894655013095e+01
1.955052374991423747e+01
2.288080208866923115e+01
6.557911424604385253e+00
1.315691779799065486e+01
2.309654865483917519e+01
3.309787943210386718e+00
2.324050508730493192e+01
3.330359316327106356e+00
2.338454409581640547e+01
3.350941407444095521e+00
3.361235801660408473e+00
2.360072451144342409e+01
2.367280969767607957e+01
1.356851675762190723e+01
1.360971803499827892e+01
1.365092261680165997e+01
2.738425893299687530e+01
2.060000633071262399e+01
1.721818231864772031e+01
1.036181501452005982e+01
2.078543855533084894e+01
1.737270238043474180e+01
1.045452071941668137e+01
1.048541640986842793e+01
1.752717960687647647e+01
2.109438810524016006e+01
2.115614910369517432e+01
1.060894854451261615e+01
2.127963063933379573e+01
2.134134834569287165e+01
1.426869920827474658e+01
2.861964087640344090e+01
1.076319625596689633e+01
1.439202201459097985e+01
2.886620112933014326e+01
3.980394854626794654e+01
7.257604384919758900e+00
2.911247337399152357e+01
1.459724600533412797e+01
2.195735382187008966e+01
2.201880822228572754e+01
1.104011548761483219e+01
1.476108057511479643e+01
3.330446502413576582e+01
2.226429724997831272e+01
7.441860465116278966e+00
1.865568997213566504e+01
2.244803582814876819e+01
7.503067953871330964e+00
2.257033096558219398e+01
1.885951337993432020e+01
1.891038172155231933e+01
1.137672797305691041e+01
1.901200722079807548e+01
2.668786774307288567e+01
1.529078305332838106e+01
1.149849290071319707e+01
1.921478992673252151e+01
1.155922998466451723e+01
1.931593420712541942e+01
1.549315349543250164e+01
3.883381110764571265e+00
7.786929814135008066e+00
3.122831696562760939e+01
1.956802556310909935e+01
1.569464498713037237e+01
1.180112367045667376e+01
1.183123473809339643e+01
2.372263312427709181e+01
2.774652713098905110e+01
1.192139099969902993e+01
2.390276579118508593e+01
3.195025096684711130e+01
2.402254862774518074e+01
3.210979512396020397e+01
1.609472048806910038e+01
2.420175117364342299e+01
2.830491657367192460e+01
2.026741484423205009e+01
2.438037285263773413e+01
3.665967244137788583e+01
2.449912360005091472e+01
1.637226549888834981e+01
1.641173671112193233e+01
3.701511534762795463e+01
2.473581326901582500e+01
3.305975162559526126e+01
8.284581490444805851e+00
1.660840339723326053e+01
1.664759678506193197e+01
4.171685719257792968e+00
1.254438106126042030e+01
2.095611518735895729e+01
1.260292113098338795e+01
2.526427388624962589e+01
1.266131638123744807e+01
0.000000000000000000e+00
4.239855165014958516e+00
2.974681468508440929e+01
1.277766724919366581e+01
8.537775005480710888e+00
1.711416067715283162e+01
8.576360745795035712e+00
1.719123228782495616e+01
2.153711613153192772e+01
3.021918058015280550e+01
1.730646298816374440e+01
8.672386079308081364e+00
1.738303055938660791e+01
3.048716659447983446e+01
1.309454588228947003e+01
1.749749979729295646e+01
1.753555379046483509e+01
3.075372363988247670e+01
2.201438425189687820e+01
1.764940677861863705e+01
8.843627189475522954e+00
1.329378756416614671e+01
3.108488911865295989e+01
1.780048535238893592e+01
1.783812468004284213e+01
8.937855823962841839e+00
2.686986920662764433e+01
1.795072802960612179e+01
1.798815720147333508e+01
3.605106705750814911e+01
9.031428441888921910e+00
1.357509535147755564e+01
1.360300811101165053e+01
4.089264250952204094e+01
2.276452236533981122e+01
2.281084291018435906e+01
1.828567693280555417e+01
1.374196915701900501e+01
1.835951998697764864e+01
2.299545010874368600e+01
2.764971848350551653e+01
2.308734562118320000e+01
5.089301911429381420e+01
2.781475974695475273e+01
2.322467318589154672e+01
1.396218623963155991e+01
2.331587778389534549e+01
1.868910000901966129e+01
2.340680173682562426e+01
1.407129455909939431e+01
1.409846532965163846e+01
3.766824830464043572e+01
2.830535532294020484e+01
1.890629161008194359e+01
1.894228796778937607e+01
2.372278196038918097e+01
3.327468201104516510e+01
4.762480714297018025e+00
1.908568167636911994e+01
1.912137999859907822e+01
9.578508668608764154e+00
2.399074147929103873e+01
2.403513375698391741e+01
4.815889562103938815e+00
1.929894633229845979e+01
1.450070298937887792e+01
1.936953057843386361e+01
2.425590681605417487e+01
1.457989094330869229e+01
9.737458640144382116e+00
1.463243458398189567e+01
4.886210078633051346e+00
1.957969908577605977e+01
1.471086619410915119e+01
2.456150870986116530e+01
1.476289073568495702e+01
0.000000000000000000e+00
4.938232788448412514e+00
9.893679338501259579e+00
4.955427723965506459e+00
1.489199005060545211e+01
9.945092538795181625e+00
1.992430477309571302e+01
2.993751694172486211e+01
1.499422755624662429e+01
3.003926975964129653e+01
1.504497945369457312e+01
5.023420085862865037e+00
1.006365082545237932e+01
5.040208769479403550e+00
2.019427912930477120e+01
1.517072419738911115e+01
2.532611611262015217e+01
5.073514843027167487e+00
1.016356501097050291e+01
1.527007732655408923e+01
3.058946523577650112e+01
5.106437336652374093e+00
1.534381408258068902e+01
1.536823737523309319e+01
1.539258038637795600e+01
2.055578876373812136e+01
0.000000000000000000e+00
1.546511208629774181e+01
1.548911811260773419e+01
5.171011903788668818e+00
3.107372624215472001e+01
2.593433089104437528e+01
1.038949339908567637e+01
5.202595304262378484e+00
2.084164537234010695e+01
5.218194150666957576e+00
1.567782913617980967e+01
0.000000000000000000e+00
5.241336287219939827e+00
2.099591675151230064e+01
5.256585282391951885e+00
2.632076902361794168e+01
1.581505191406238353e+01
1.583752494327703531e+01
2.643313007442629470e+01
3.176421741380171682e+01
5.301404788009991265e+00
5.308730798281163565e+00
5.316013374134377578e+00
0.000000000000000000e+00
2.132177823772761727e+01
3.202554773913888653e+01
1.603407248253048678e+01
5.351742184743780939e+00
1.071748870877864768e+01
5.365696309621064586e+00
1.611779101147578430e+01
1.075889074094935793e+01
0.000000000000000000e+00
2.157192301892836994e+01
1.619899661607565733e+01
5.406293527600189108e+00
1.082572710747496814e+01
0.000000000000000000e+00
2.170329977679770295e+01
1.629664161077805318e+01
5.438539956904759443e+00
5.444801933246909087e+00
5.450998507625220313e+00
0.000000000000000000e+00
2.185276071944642595e+01
1.093836518077505637e+01
2.190041689717935824e+01
1.644286105782414609e+01
5.486729558944933416e+00
1.098486081246036861e+01
5.498054770088880439e+00
1.651080351675939184e+01
1.101813622796695924e+01
1.102890815233794264e+01
1.103951503888848862e+01
1.104995376864120082e+01
1.106022118266151288e+01
5.535157041192364957e+00
5.540114614985313324e+00
2.217992669738783817e+01
1.109951312336562523e+01
1.110887520079256241e+01
0.000000000000000000e+00
1.112702266410879481e+01
1.113580115820775518e+01
5.572189086325100682e+00
0.000000000000000000e+00
1.116091358774271036e+01
1.675329722322437220e+01
1.117660021923338753e+01
1.677617419568110435e+01
1.119140884925232982e+01
5.599237322634971648e+00
5.602654879308412994e+00
1.121191040084619317e+01
0.000000000000000000e+00
1.683658947231903369e+01
0.000000000000000000e+00
5.617945774283907845e+00
1.124126208298823393e+01
1.124637487624996979e+01
1.687683895671595025e+01
1.125581139135981168e+01
0.000000000000000000e+00
1.126416921541687266e+01
1.126793358391835653e+01
1.127141621009249128e+01
1.127461304400560849e+01
5.638760012858806903e+00
1.128013308696952954e+01
0.000000000000000000e+00
1.128446114392628630e+01
1.692925196607836114e+01
1.693134685441493303e+01
5.644323418879551468e+00
1.128941070181744877e+01
3.386955625986044538e+01
5.644983461962508997e+00
1.128975115452984745e+01
1.128920073043776462e+01
1.693246742559588469e+01
5.643539897745499800e+00
1.692825189714202239e+01
1.128357204421926774e+01
2.820322043971593473e+01
1.691796859032454137e+01
0.000000000000000000e+00
0.000000000000000000e+00
1.126852799538552041e+01
1.689661872547069166e+01
2.251983838120114356e+01
3.376513316045643620e+01
1.124978438590722796e+01
1.686620332078770090e+01
2.809523569606965765e+01
0.000000000000000000e+00
5.612410170179551905e+00
0.000000000000000000e+00
1.681490236019260820e+01
2.240375898352202100e+01
1.679011689715563804e+01
1.677679057530023599e+01
2.793805935800866536e+01
1.674824746881596482e+01
3.346604341030840857e+01
2.228953868076510858e+01
2.783440032500997319e+01
2.224463492772471085e+01
2.222087744255420461e+01
1.109812137211876504e+01
2.217072595918574152e+01
2.214432240599596113e+01
1.658777070069498549e+01
0.000000000000000000e+00
1.654481049068078136e+01
0.000000000000000000e+00
1.099942670329168415e+01
2.745880297439809681e+01
4.935221470697674562e+01
1.642550719367553569e+01
1.093305774900955285e+01
4.911892401806719732e+01
2.179422623314767549e+01
1.631767015319282876e+01
5.972624101991781487e+01
1.625958259797378602e+01
1.622949258708834108e+01
4.319654427645792794e+01
2.155628888686105071e+01
3.764840332476666163e+01
2.146952537598246735e+01
2.142474522568156914e+01
3.741330837987010938e+01
3.199858582524715445e+01
2.660602232444453108e+01
5.309079161354451237e+00
4.767049926330901144e+01
1.056826777993148703e+01
1.054262994649067764e+01
2.103306411503508500e+01
1.048997554170673396e+01
2.092592395981042941e+01
2.087098621111423924e+01
2.081514161005598851e+01
5.189598558904068071e+00
5.175187118296414646e+00
1.548165676085811526e+01
2.572847607148763061e+01
5.130617326104276898e+00
5.115319990949652507e+00
1.529941405982065206e+01
1.525221889911786910e+01
1.520437937599164790e+01
2.020786746620734320e+01
2.014238386892110810e+01
1.505704683426234425e+01
5.002227722714505553e+00
4.985234296851563940e+00
9.936074801872168294e+00
1.980255669036343846e+01
1.479912545715028038e+01
4.915247616190990598e+00
4.897258907506880199e+00
0.000000000000000000e+00
4.860707678140965271e+00
4.842150172461943569e+00
4.823408188507709582e+00
9.608968780844701740e+00
4.785381502608917259e+00
4.766102308315512737e+00
4.746649648173619340e+00
9.454052837375026996e+00
1.412170671203607419e+01
1.406184032305441534e+01
0.000000000000000000e+00
9.293775209161577067e+00
4.626456820145126159e+00
0.000000000000000000e+00
0.000000000000000000e+00
4.564264833253273146e+00
0.000000000000000000e+00
4.522086748561434888e+00
4.500792764890714892e+00
0.000000000000000000e+00
4.457812084781724415e+00
4.436132353411318618e+00
0.000000000000000000e+00
0.000000000000000000e+00
0.000000000000000000e+00
0.000000000000000000e+00
4.325981605153955911e+00
1.291087870133685911e+01
0.000000000000000000e+00
4.258619416859500184e+00
0.000000000000000000e+00
4.213242374925700418e+00
4.190424261991761767e+00
0.000000000000000000e+00
4.144547401431596612e+00
4.121496085980248303e+00
4.098374470840294492e+00
0.000000000000000000e+00
0.000000000000000000e+00
8.057249950070872302e+00
4.005259284804263409e+00
3.981841826021611297e+00
7.916752559914835174e+00
3.934866315277879334e+00
0.000000000000000000e+00
0.000000000000000000e+00
3.864106370014869452e+00
3.840455103870488163e+00
3.816777512261836591e+00
0.000000000000000000e+00
0.000000000000000000e+00
0.000000000000000000e+00
0.000000000000000000e+00
3.698118278155780647e+00
3.674356522985047668e+00
3.650592777068402572e+00
0.000000000000000000e+00
0.000000000000000000e+00
0.000000000000000000e+00
0.000000000000000000e+00
0.000000000000000000e+00
0.000000000000000000e+00
0.000000000000000000e+00
0.000000000000000000e+00
0.000000000000000000e+00
0.000000000000000000e+00
0.000000000000000000e+00
0.000000000000000000e+00
3.342959736731816456e+00
0.000000000000000000e+00
0.000000000000000000e+00
0.000000000000000000e+00
3.249410879293832544e+00
0.000000000000000000e+00
0.000000000000000000e+00
0.000000000000000000e+00
0.000000000000000000e+00
0.000000000000000000e+00
0.000000000000000000e+00
0.000000000000000000e+00
0.000000000000000000e+00
0.000000000000000000e+00
3.019546216320661891e+00
0.000000000000000000e+00
5.948826606172169740e+00
0.000000000000000000e+00
2.929600774049196943e+00
0.000000000000000000e+00
0.000000000000000000e+00
0.000000000000000000e+00
0.000000000000000000e+00
0.000000000000000000e+00
5.594476147584857451e+00
2.775498765628207298e+00
2.753855587217775902e+00
0.000000000000000000e+00
0.000000000000000000e+00
0.000000000000000000e+00
2.668273988778611550e+00
0.000000000000000000e+00
2.626097358427972761e+00
0.000000000000000000e+00
2.584343872677108411e+00
2.563628752921794263e+00
0.000000000000000000e+00
0.000000000000000000e+00
2.502142905490824187e+00
0.000000000000000000e+00
0.000000000000000000e+00
0.000000000000000000e+00
0.000000000000000000e+00
0.000000000000000000e+00
0.000000000000000000e+00
0.000000000000000000e+00
0.000000000000000000e+00
0.000000000000000000e+00
2.304610003868495571e+00
0.000000000000000000e+00
0.000000000000000000e+00
2.247651799824199159e+00
2.228907004329176100e+00
8.841134153638463999e+00
2.191781764554645573e+00
0.000000000000000000e+00
0.000000000000000000e+00
0.000000000000000000e+00
0.000000000000000000e+00
2.101108569403329795e+00
0.000000000000000000e+00
0.000000000000000000e+00
2.048180833597469164e+00
2.030785090127353421e+00
0.000000000000000000e+00
1.996364171661462628e+00
0.000000000000000000e+00
3.924874646234530751e+00
0.000000000000000000e+00
0.000000000000000000e+00
0.000000000000000000e+00
0.000000000000000000e+00
0.000000000000000000e+00
0.000000000000000000e+00
0.000000000000000000e+00
1.831656683649303785e+00
0.000000000000000000e+00
0.000000000000000000e+00
1.784633620566002499e+00
3.538404108691753258e+00
1.753891352886917776e+00
0.000000000000000000e+00
1.723631146331192632e+00
1.708680898972810835e+00
1.693850032960764196e+00
0.000000000000000000e+00
0.000000000000000000e+00
0.000000000000000000e+00
3.271423832206136417e+00
1.621471478207161532e+00
3.214695459916168119e+00
0.000000000000000000e+00
0.000000000000000000e+00
1.565671598102334805e+00
0.000000000000000000e+00
0.000000000000000000e+00
0.000000000000000000e+00
1.511705612001456478e+00
1.498496534388005674e+00
0.000000000000000000e+00
0.000000000000000000e+00
0.000000000000000000e+00
1.446772445396650175e+00
0.000000000000000000e+00
0.000000000000000000e+00
0.000000000000000000e+00
0.000000000000000000e+00
0.000000000000000000e+00
0.000000000000000000e+00
0.000000000000000000e+00
0.000000000000000000e+00
0.000000000000000000e+00
0.000000000000000000e+00
1.313433968547799369e+00
1.301939060847384866e+00
0.000000000000000000e+00
0.000000000000000000e+00
0.000000000000000000e+00
0.000000000000000000e+00
