0.000000000000000000e+00
0.000000000000000000e+00
6.293870433933566488e+00
0.000000000000000000e+00
0.000000000000000000e+00
0.000000000000000000e+00
0.000000000000000000e+00
0.000000000000000000e+00
1.964334440603130929e+02
2.698552208411093716e+02
8.686112749956985226e+02
1.044519284976224526e+03
1.050467246543571719e+03
1.082263562942890303e+03
1.065550996071372310e+03
1.225115227397187709e+03
1.273223774769049669e+03
1.196868842211596530e+03
1.263501071682459951e+03
1.271560163779911818e+03
1.226337127869228880e+03
1.210952358658801586e+03
1.192570314319355930e+03
1.322581676587297352e+03
1.317528560307326188e+03
1.448383449671106064e+03
1.578097732163955698e+03
1.752594149315079449e+03
1.887187047667238858e+03
2.130734132358616080e+03
2.446420694156543505e+03
2.783271694058008507e+03
3.017148114743676615e+03
3.400469469821814073e+03
3.541621331651343098e+03
3.732612404753201190e+03
3.734602766892126965e+03
3.657476554785323970e+03
3.375330909981440072e+03
3.217310659335885248e+03
3.042188699207227728e+03
2.880412972340746819e+03
2.746174987691050319e+03
2.521693764603035561e+03
2.605917160743111253e+03
2.466885741913989477e+03
2.307619148582930848e+03
2.308824295326187894e+03
2.261361689619548088e+03
2.233253257882342950e+03
2.383977729564669971e+03
2.364150672744577605e+03
2.438893658373862763e+03
2.493418063490665190e+03
2.497208529107213508e+03
2.638384975983872664e+03
2.614904342722806177e+03
2.604714295488660355e+03
2.724931381162850812e+03
2.807635675914131753e+03
2.903744409502119197e+03
2.859305528381587919e+03
2.770008642790937301e+03
2.849127478947941199e+03
2.833421452342282919e+03
2.850478280679326417e+03
2.788884898673935368e+03
2.866463580045003255e+03
2.729165939906605672e+03
2.723946462861586951e+03
2.725968235675644792e+03
2.714719650413612726e+03
2.767206582942232671e+03
2.887696247176759243e+03
2.930262619590007489e+03
2.829834303536885272e+03
2.985941784989971893e+03
2.968055566846791862e+03
2.959500081431753188e+03
3.314833618301281604e+03
3.208452883812494747e+03
3.296644414610428612e+03
3.211950263550015734e+03
3.390773279028964680e+03
3.571096459689372296e+03
3.649959000497444322e+03
3.732202944907402525e+03
3.856418914874395341e+03
4.127138838691967067e+03
4.141511524424847266e+03
4.252268363219901403e+03
4.562438213402521797e+03
4.647956930470167208e+03
4.621405737807248443e+03
4.585413355913478881e+03
4.553629610428060914e+03
4.478614297931868350e+03
4.311609987257882494e+03
4.241511792314453487e+03
4.082343100491827045e+03
3.788111776870459835e+03
3.578059937059307231e+03
3.383409173261175965e+03
3.146694086868385057e+03
2.843173038673214705e+03
2.597537878534048104e+03
2.547026631457167241e+03
2.319541095985296579e+03
2.245967206949613683e+03
2.089392439576085962e+03
1.954959883886584748e+03
1.932320970581256915e+03
1.846956244113750472e+03
1.762414893178217653e+03
1.607124265814555656e+03
1.658807653653339912e+03
1.577934303475285560e+03
1.519692572765574823e+03
1.527885503494992463e+03
1.482519942605415508e+03
1.366859349624864535e+03
1.375981172279245584e+03
1.296040659918553729e+03
1.317228067394964000e+03
1.283295590611001444e+03
1.214949246635014788e+03
1.239482760742423579e+03
1.263018359215655437e+03
1.113031055386445132e+03
1.171014270807407911e+03
1.078383623972480109e+03
1.139919699724171096e+03
1.036779361674385882e+03
1.040043083899101248e+03
1.104175703250180277e+03
1.056811947662499961e+03
1.008129958432152762e+03
9.853322440173317318e+02
9.817657297443678317e+02
9.804727894408079010e+02
9.620668565023529482e+02
9.904848288311823126e+02
8.837786375081998358e+02
1.006373746507864098e+03
8.359200190766009655e+02
8.528099438295789696e+02
8.697854252294386015e+02
9.204664638115500566e+02
9.597704381286132502e+02
8.595084839096783753e+02
8.720220778012669598e+02
9.337473664378965168e+02
8.820038181107270248e+02
8.641170113165369457e+02
8.885780431839129960e+02
8.033014384493760645e+02
8.538009644087876495e+02
8.143358241133103093e+02
8.365637909811061945e+02
8.290850438340139590e+02
7.593897405321918086e+02
8.068428132913195441e+02
7.992534038115089743e+02
8.362138707393344248e+02
8.045132552544959026e+02
8.283657745572633075e+02
8.013514097541583396e+02
7.802899979239689401e+02
7.981795156256898736e+02
8.308512235551113463e+02
7.729128045627248866e+02
8.007799127511145798e+02
7.954993968079788829e+02
7.592803510329538312e+02
8.419045746400100825e+02
8.105981610724622897e+02
7.367429767121827808e+02
7.487406230219316967e+02
7.031516414176032868e+02
7.566057846376520502e+02
7.927135484600789823e+02
8.176506501123427597e+02
7.426160942245027172e+02
7.662890473526929327e+02
7.327519950022464172e+02
7.475911441480440089e+02
7.868663866419747137e+02
8.122303787445523540e+02
8.274311362101127543e+02
7.651707084126945801e+02
7.932917409739009145e+02
8.332771425850980904e+02
7.235680207642856203e+02
6.838297486169194599e+02
7.592586149782850953e+02
7.680575884056081577e+02
7.795483654489742094e+02
7.276084954148332145e+02
8.213154901606712883e+02
7.745178193330003751e+02
7.514682327816335601e+02
8.327049015626453183e+02
7.264423850057171421e+02
8.121365042107081536e+02
7.970327032298844188e+02
8.401035046601184604e+02
8.222767145917100606e+02
8.588734474300574675e+02
8.833882537434878941e+02
8.710192122871978881e+02
8.228004074471840568e+02
7.949859745796346715e+02
8.431450134086736625e+02
8.304977573359776670e+02
8.790694744612108025e+02
8.426979597115363276e+02
9.546995733139494860e+02
9.253683876981189087e+02
9.790875182478591796e+02
9.595533174290114857e+02
1.046377376213698426e+03
1.071085545664513575e+03
1.095951011269244191e+03
1.034966748452347474e+03
1.068502058140516510e+03
1.099367174346915590e+03
1.218722956132797663e+03
1.176215378088440048e+03
1.115946392335005839e+03
1.270137764775122150e+03
1.291894883557727098e+03
1.346158740276790923e+03
1.315165650248503880e+03
1.356530073438664203e+03
1.407079787588268346e+03
1.374478717902398557e+03
1.533108331815110432e+03
1.602749330314899680e+03
1.564439351183066947e+03
1.663346625173779785e+03
1.521895406131431400e+03
1.697361306223263682e+03
1.629835190086664170e+03
1.650656950586124822e+03
1.726924136169422354e+03
1.725079613531605901e+03
1.746418393097604621e+03
1.702705101672692308e+03
1.696064121177332709e+03
1.837834397290399920e+03
1.786119448698315409e+03
1.841040657938076265e+03
1.852120589476828172e+03
1.677891563679784440e+03
1.782268554969183697e+03
1.732606120856371035e+03
1.773842749781083057e+03
1.752702725258406190e+03
1.708835720548457402e+03
1.881429063558881580e+03
1.750021136618922355e+03
1.666553446516814347e+03
1.719812402851953493e+03
1.821011342904866979e+03
1.690779710428243789e+03
1.557965120304404081e+03
1.578392276759137530e+03
1.605608823007621140e+03
1.467702992154851927e+03
1.461184527208279178e+03
1.547098806116883679e+03
1.478353546256437767e+03
1.378620977776342215e+03
1.383545426653502091e+03
1.373142686252973363e+03
1.273637057338961085e+03
1.314284265449448185e+03
1.251761932841091038e+03
1.287411515842839208e+03
1.298994881260593957e+03
1.197363416214816880e+03
1.121224723684463925e+03
1.167410558958532420e+03
1.101162052226407695e+03
1.181187399000473761e+03
1.084317625391406409e+03
1.050853288927736230e+03
1.099364554553800417e+03
1.114131586206985958e+03
1.139799773930292304e+03
1.124079099440234131e+03
1.106418887123867080e+03
1.135949914243128433e+03
1.121835983592199682e+03
1.162621024693840127e+03
1.212896465325404733e+03
1.270918205660953390e+03
1.303397080675526922e+03
1.285858249861417789e+03
1.236425643158394450e+03
1.375949011153809352e+03
1.213566348995521821e+03
1.250145488058714591e+03
1.300249311598434588e+03
1.424903447450266640e+03
1.382433998718697922e+03
1.469956574621050095e+03
1.308044139129571249e+03
1.307096067539745036e+03
1.255741273152939357e+03
1.330419254834994945e+03
1.282643437571786080e+03
1.393218358338604958e+03
1.325620833882326679e+03
1.275271238184005369e+03
1.234438519056820724e+03
1.215163486708552682e+03
1.137839782928820796e+03
1.104005538335098663e+03
1.166437951741407232e+03
1.086001640710285301e+03
1.011029516029866500e+03
9.415856941618353630e+02
8.756935988709036565e+02
7.621742267838822045e+02
7.444520012238563140e+02
7.224592010986868900e+02
7.189392749062565144e+02
7.216222667514199429e+02
6.637820643390616624e+02
6.034051504013266367e+02
5.930399034552572175e+02
5.720348603843599449e+02
5.084905897394412477e+02
4.338307764664054957e+02
4.973528664671558204e+02
4.220786723810416561e+02
4.107513055801233577e+02
4.468216654954690057e+02
4.224901929834919656e+02
3.675248277156689483e+02
3.710792178577878531e+02
3.549361198840190355e+02
3.078792295728967474e+02
3.288936283685817443e+02
3.921560505727354666e+02
3.580367287596998267e+02
3.013360386438053524e+02
3.629505310979144497e+02
2.878438686641418371e+02
3.295443724584982874e+02
3.194431565450162225e+02
3.183576629698146689e+02
3.378011399620036173e+02
3.046929806237093885e+02
3.012262181184469227e+02
2.769571620113497943e+02
3.289491416618145649e+02
3.138935426832999838e+02
3.033886081575378739e+02
2.412678828691744570e+02
2.938851915741373659e+02
2.029413459950237097e+02
2.321140945266832318e+02
2.686310144696128646e+02
2.123581192731258511e+02
2.227213314411898750e+02
2.139280263292612005e+02
2.195415146846528955e+02
2.251928182824611895e+02
1.798449851668898134e+02
1.463563443679074112e+02
1.566868668501466288e+02
1.228608567400102913e+02
1.233113378307008361e+02
1.163372663957335362e+02
8.943550743785354484e+01
1.047229079613113782e+02
7.507528695587153322e+01
1.004656180931424672e+02
5.797828607313169869e+01
7.842916797514828886e+01
8.633193652555038966e+01
8.409717306287166139e+01
7.928704787457928660e+01
5.133833944163352214e+01
4.637177610064091482e+01
5.946707356106638542e+01
2.854348452889998811e+01
4.948020762705791498e+01
4.965844561734058260e+01
5.770610690258720155e+01
3.948642923148982220e+01
4.491184871544238177e+01
3.711874819131627135e+01
4.257320805342283165e+01
1.602199363221077277e+01
3.215831085868421013e+01
2.420465557878307550e+01
5.667842995651805893e+01
3.250270855904657452e+01
3.261797420835785033e+01
2.455010129537305730e+01
4.106148534640747272e+01
3.021803674718068322e+01
4.135161708665673075e+01
3.043120060590067766e+01
3.609045616137582613e+01
2.507330417479510487e+01
3.354808543973499013e+01
2.805441987951897787e+01
2.533704335223880477e+01
2.542525818932310955e+01
3.118331347516485508e+01
3.698084986802092544e+01
3.996342936766116338e+01
3.150835766187100973e+01
4.023987722912725928e+01
3.461007347153002911e+01
3.183491763556995124e+01
3.484810292735672732e+01
4.079527188271083560e+01
2.631511258183117263e+01
2.053707970121665127e+01
4.121388761280185520e+01
3.249227176335337930e+01
3.853004447634821616e+01
5.055577140282602500e+01
5.072631033219415997e+01
2.395155525435779964e+01
3.905200037450859440e+01
4.219694078275664850e+01
2.419316512740342517e+01
6.068470157765296591e+01
4.262069329907859583e+01
3.054445833690456880e+01
3.371023254488410714e+01
2.152288068765932039e+01
2.776353743858513923e+01
2.785488364876487566e+01
2.484116558723521351e+01
5.607563566514465236e+01
4.063135667000786100e+01
3.762807677821815844e+01
3.145865083297986331e+01
5.049703600089884503e+01
5.066034856482809801e+01
4.764728864014325893e+01
2.868036158410347269e+01
2.557547444843703488e+01
2.886451218473283831e+01
2.573926166008257610e+01
4.195949015504467638e+01
1.295161554746716348e+01
2.923343841982519820e+01
3.258420624985706127e+01
3.595554613933736476e+01
2.623164569841753746e+01
3.618152394447430709e+01
2.969556255622179819e+01
2.647830354568309374e+01
4.316093801928058582e+01
2.997323384694395543e+01
4.008778987854240938e+01
1.340376562977638208e+01
1.680617900830204192e+01
4.382991694982349884e+01
4.396378943854129062e+01
2.374490432583833766e+01
1.701214754374784732e+01
3.071457588780373271e+01
5.134548549936913986e+01
3.433334388452104236e+01
3.443636463729544062e+01
2.417756836721347469e+01
3.117815783299627341e+01
3.821994523695643409e+01
3.484840239805560458e+01
4.543680444276319008e+01
3.505435921375295294e+01
3.515731350873360128e+01
5.994242246046965761e+01
3.182684563353785023e+01
4.965247149177885433e+01
3.556891390948811704e+01
2.853739841654949316e+01
3.935200620505473523e+01
4.305278502386758532e+01
4.317606604377294133e+01
3.608275141166267730e+01
7.237081553866899242e+01
1.451520876983951780e+01
4.730776923273622003e+01
2.919449201066825594e+01
5.489338455467522238e+01
4.403761644457145508e+01
4.784050044633094245e+01
5.535405215668048129e+01
5.180694559310008174e+01
5.195002691661606065e+01
2.604651162790697683e+01
4.104251793869846665e+01
4.489607165629753638e+01
1.875766988467832519e+01
4.514066193116438797e+01
3.771902675986864040e+01
3.782076344310463867e+01
3.413018391917073302e+01
2.281440866495768915e+01
6.862594562504456519e+01
3.822695763332094998e+01
3.832830966904398906e+01
3.458662186811854156e+01
2.311845996932903446e+01
3.476868157282575567e+01
3.873288373858125055e+01
1.165014333229371424e+01
2.725425434947252512e+01
5.855309431055177072e+01
5.479047157670547108e+01
4.708393496139111534e+01
3.146966312121779907e+01
3.549370421428018574e+01
3.953772187379514946e+01
4.756547508169551008e+01
3.179037599919741552e+01
3.983794298530847300e+01
5.591293919198244566e+01
3.603382294161777111e+01
4.816469268594030950e+01
3.621312109815547586e+01
5.243712754289408906e+01
3.639203559472104388e+01
2.432089781307846010e+01
5.282414118071508824e+01
4.073296937930876283e+01
5.308143446677698307e+01
3.274453099777669962e+01
4.513227595558531391e+01
4.112790594180884085e+01
3.710371990352373928e+01
6.611950325119052252e+01
2.899603521655681959e+01
3.736890764377483265e+01
3.329519357012386394e+01
1.251505715777337890e+01
3.345168283002779219e+01
3.772100733724612098e+01
2.100486855163897815e+01
4.210712314374937648e+01
2.110219396872908248e+01
2.538091856754529374e+01
8.479710330029917031e+00
3.399635964009646472e+01
3.407377933118311120e+01
2.561332501644213266e+01
2.139270084644103775e+01
3.001726261028262499e+01
3.008465650369367239e+01
3.876680903675746492e+01
4.748728376881155100e+01
3.461292597632748880e+01
1.300857911896212116e+01
2.607454583907991008e+01
3.919778562147406831e+01
3.491878901943858438e+01
3.936937454390914581e+01
3.945499602854587806e+01
5.272066909694139270e+01
3.082013795265562806e+01
2.647411016792795380e+01
2.210906797368880916e+01
3.545010017110972456e+01
3.552558756417481334e+01
2.670072802858340566e+01
5.351437404012852994e+01
3.575142329585136736e+01
4.478311534437941077e+01
3.141377405181071225e+01
4.497039300368334125e+01
6.308936735063925738e+01
4.064142798850014771e+01
3.620025427060681267e+01
4.080902433303495513e+01
6.361077723703428433e+01
4.097614025761166090e+01
4.562168582036871811e+01
4.114277309881249778e+01
3.664525108538401810e+01
4.130891997069970500e+01
3.219363015224116253e+01
4.147457772525827124e+01
4.617469124236639999e+01
6.939957151949155900e+01
4.635793291159125573e+01
4.180441173460478410e+01
2.327031039938593437e+01
3.264222889745348510e+01
4.672275002254914966e+01
3.745088277892099882e+01
5.159474671669777734e+01
2.349744221608606409e+01
7.062796557120081786e+01
5.189315142539037851e+01
2.835943741512291538e+01
4.735571991947344372e+01
2.846733835246701716e+01
5.228878601735668497e+01
9.524961428594036050e+00
3.339994293364595990e+01
3.346241499754838600e+01
2.394627167152191305e+01
3.838518636686566055e+01
3.845621401117426785e+01
1.444766868631181644e+01
4.824736583074614771e+01
2.416783831563146379e+01
2.905429586765079364e+01
3.880945090568668121e+01
4.373967282992607863e+01
1.947491728028876423e+01
4.877478194660631772e+01
2.931726047179830985e+01
2.936954862866409144e+01
2.942173238821830239e+01
3.929841393577786590e+01
2.952578147136991404e+01
0.000000000000000000e+00
1.481469836534523665e+01
2.473419834625315161e+01
3.468799406775854521e+01
3.971197346828120800e+01
3.978037015518072650e+01
4.981076193273928254e+01
4.989586156954143803e+01
2.998845511249324858e+01
6.508508447922281448e+01
2.507496575615762424e+01
1.507026025758859511e+01
4.025460330180951729e+01
2.520104384739701686e+01
3.029141869395715503e+01
5.562598872376007364e+01
4.052178578019224631e+01
1.522054452908150246e+01
3.049069503291151051e+01
2.545012887759014930e+01
6.117893047155300223e+01
2.042574934660949637e+01
3.068762816516137804e+01
3.073647475046618638e+01
2.565430064396326060e+01
2.569473595467265170e+01
1.029401289930659047e+01
2.062014944839699027e+01
2.065215748347698010e+01
4.136809523030934344e+01
7.768431560538680003e+01
5.186866178208875056e+01
1.558424009862851456e+01
2.081038121704951394e+01
3.126246805851015864e+01
1.565458245200087362e+01
3.135565827235961933e+01
3.663560130419094207e+01
1.048267257443987965e+01
5.248979187878074981e+01
2.102634112956780754e+01
4.211323043778870812e+01
2.635841985677063803e+01
2.111669992436938159e+01
4.229300811908207436e+01
4.764632612070257522e+01
1.590421436402997379e+01
1.592619239484348981e+01
2.126405349653751031e+01
1.064650320901832359e+01
4.264355647545523453e+01
4.803832160870832979e+01
3.741283579257112990e+01
5.351742184743780939e+00
1.607623306316797240e+01
2.146278523848425834e+01
1.611779101147578430e+01
2.151778148189871587e+01
2.693120161505340349e+01
2.696490377366046332e+01
2.699832769345943007e+01
5.406293527600189108e+00
1.623859066121245220e+01
3.251624657324441614e+01
2.712912472099712957e+01
2.172885548103740305e+01
1.087707991380951889e+01
1.088960386649381817e+01
1.635299552287565916e+01
5.457128367584082262e+00
2.185276071944642595e+01
1.093836518077505637e+01
4.380083379435871649e+01
2.740476842970691251e+01
3.292037735366960050e+01
2.746215203115092152e+01
2.749027385044440308e+01
1.651080351675939184e+01
1.101813622796695924e+01
2.757227038084485571e+01
1.655927255833273293e+01
1.657493065296180035e+01
1.659033177399226844e+01
5.535157041192364957e+00
1.662034384495593997e+01
3.326989004608175549e+01
2.219902624673125047e+01
2.777218800198140514e+01
1.111804619026947627e+01
1.112702266410879481e+01
2.227160231641551036e+01
1.114437817265020136e+01
1.115275017235273047e+01
2.232182717548542072e+01
2.792216203870728464e+01
2.235320043846677507e+01
3.355234839136220870e+01
2.238281769850465963e+01
5.599237322634971648e+00
2.241061951723365198e+01
2.242382080169238634e+01
1.121827275597378559e+01
2.244878596309204610e+01
1.684540081462414562e+01
1.685383732285172442e+01
1.686189312448235000e+01
2.811593719062492269e+01
2.250245194228793366e+01
2.251162278271962336e+01
5.630063571439300141e+00
1.689625382312530988e+01
1.690190037587753480e+01
1.127141621009249128e+01
1.691191956600841451e+01
2.819380006429403451e+01
1.692019963045429520e+01
0.000000000000000000e+00
1.128446114392628630e+01
1.692925196607836114e+01
2.257512913921991071e+01
1.128864683775910294e+01
1.693411605272617493e+01
3.951448230317051724e+01
2.257993384785003599e+01
2.257950230905969491e+01
1.693380109565664782e+01
2.257662323412784744e+01
3.386123938647299525e+01
3.385650379428404477e+01
2.820893011054816668e+01
3.384386452765912168e+01
2.255729145376605516e+01
1.691346118782549723e+01
1.127226949561576497e+01
2.253705599077104083e+01
2.252882496729425554e+01
2.251983838120114356e+01
3.939265535386584105e+01
2.249956877181445591e+01
3.373240664157540181e+01
3.933332997449752355e+01
1.684748555780443979e+01
2.806205085089775864e+01
1.682637113015393737e+01
3.362980472038521640e+01
3.360563847528302972e+01
3.917693942669648521e+01
3.914584467570055182e+01
5.587611871601733071e+01
2.791374578135994255e+01
6.135441291889874549e+01
5.572384670191277678e+01
5.010192058501795032e+01
3.336695239158706272e+01
3.888653552446986339e+01
2.219624274423753008e+01
6.096949638776078473e+01
3.321648360899393992e+01
3.317554140138997099e+01
2.761104657913731586e+01
5.514936830226927356e+01
2.202975391519771975e+01
5.499713351645841897e+01
7.139288773343506023e+01
8.225369117829457366e+01
3.832618345190958564e+01
2.733264437252388390e+01
8.186487336344532650e+01
2.724278279143459258e+01
3.263534030638565753e+01
1.031635072162216886e+02
3.251916519594757204e+01
2.163932344945112263e+01
8.639308855291585587e+01
5.927979443886788147e+01
7.529680664953332325e+01
4.293905075196493470e+01
4.284949045136313828e+01
6.948185841975876542e+01
5.333097637541192171e+01
3.724843125422234635e+01
2.123631664541780495e+01
6.885738782477967845e+01
3.698893722976020371e+01
2.108525989298135528e+01
5.784092631634648285e+01
3.671491439597357243e+01
3.662036692966825058e+01
4.695971897500703562e+01
4.163028322011197702e+01
1.037919711780813614e+01
1.552556135488924483e+01
3.612386577533560228e+01
3.601986650008268498e+01
2.052246930441710759e+01
3.069191994569791149e+01
2.039921874642753608e+01
2.542036483186311457e+01
5.068126458663882516e+01
5.557163553207020357e+01
3.524917177061193740e+01
2.509507805710390471e+01
1.500668316814351755e+01
9.970468593703127880e+00
2.484018700468042340e+01
2.475319586295429986e+01
3.453129273335065363e+01
9.830495232381981197e+00
1.958903563002752080e+01
9.758156206041149971e+00
4.860707678140965271e+00
4.842150172461943569e+00
2.411704094253854791e+01
2.882690634253410522e+01
2.871228901565350355e+01
4.766102308315512737e+00
9.493299296347238680e+00
9.454052837375026996e+00
1.412170671203607419e+01
2.343640053842402438e+01
9.334326168636037480e+00
1.394066281374236560e+01
4.626456820145126159e+00
0.000000000000000000e+00
0.000000000000000000e+00
1.369279449975982033e+01
4.543245237897980182e+00
1.808834699424573955e+01
4.500792764890714892e+00
1.343810016375745242e+01
8.915624169563448831e+00
8.872264706822637237e+00
0.000000000000000000e+00
4.392411739756928668e+00
4.370377989380735073e+00
4.348233403886614390e+00
4.325981605153955911e+00
2.151813116889476518e+01
0.000000000000000000e+00
4.258619416859500184e+00
4.235975327779410549e+00
4.213242374925700418e+00
1.257127278597528530e+01
0.000000000000000000e+00
8.289094802863193223e+00
4.121496085980248303e+00
4.098374470840294492e+00
0.000000000000000000e+00
0.000000000000000000e+00
8.057249950070872302e+00
4.005259284804263409e+00
3.981841826021611297e+00
1.187512883987225365e+01
7.869732630555758668e+00
3.911315586266137068e+00
3.887727731075397930e+00
3.864106370014869452e+00
3.840455103870488163e+00
3.816777512261836591e+00
0.000000000000000000e+00
3.769357555697687712e+00
3.745622229885471555e+00
3.721874653879145622e+00
3.698118278155780647e+00
1.102306956895514389e+01
7.301185554136805145e+00
0.000000000000000000e+00
0.000000000000000000e+00
0.000000000000000000e+00
3.555584482572177851e+00
3.531860418865570228e+00
0.000000000000000000e+00
0.000000000000000000e+00
3.460806367883718870e+00
0.000000000000000000e+00
0.000000000000000000e+00
3.389994022071576296e+00
0.000000000000000000e+00
3.342959736731816456e+00
0.000000000000000000e+00
0.000000000000000000e+00
0.000000000000000000e+00
3.249410879293832544e+00
0.000000000000000000e+00
3.202939689248260002e+00
0.000000000000000000e+00
0.000000000000000000e+00
0.000000000000000000e+00
3.110706426242803246e+00
0.000000000000000000e+00
0.000000000000000000e+00
3.042227696750160693e+00
3.019546216320661891e+00
2.996940722909982480e+00
8.923239909258255054e+00
2.951965992132662198e+00
2.929600774049196943e+00
0.000000000000000000e+00
2.885124296310696224e+00
0.000000000000000000e+00
2.840998718347819807e+00
0.000000000000000000e+00
5.594476147584857451e+00
2.775498765628207298e+00
2.753855587217775902e+00
5.464620132952475728e+00
0.000000000000000000e+00
5.379035724878263203e+00
5.336547977557223099e+00
2.647133392796235274e+00
2.626097358427972761e+00
0.000000000000000000e+00
2.584343872677108411e+00
5.127257505843588525e+00
7.629068576948816904e+00
0.000000000000000000e+00
2.502142905490824187e+00
2.481870811943640120e+00
0.000000000000000000e+00
2.441666974571123472e+00
2.421736933755013421e+00
4.803845084945304045e+00
2.382224546539988719e+00
7.087930951739268792e+00
2.343180518638060761e+00
0.000000000000000000e+00
2.304610003868495571e+00
2.285503751912420611e+00
0.000000000000000000e+00
4.495303599648398318e+00
2.228907004329176100e+00
8.841134153638463999e+00
4.383563529109291146e+00
0.000000000000000000e+00
2.155144569989324133e+00
0.000000000000000000e+00
2.118997637892437336e+00
4.202217138806659591e+00
0.000000000000000000e+00
0.000000000000000000e+00
4.096361667194938327e+00
2.030785090127353421e+00
0.000000000000000000e+00
1.996364171661462628e+00
0.000000000000000000e+00
3.924874646234530751e+00
0.000000000000000000e+00
1.929004146378404227e+00
0.000000000000000000e+00
1.896063836343594877e+00
1.879778148509916313e+00
3.727230402830041811e+00
0.000000000000000000e+00
3.663313367298607570e+00
1.815860636547331097e+00
1.800186378532438791e+00
3.569267241132004997e+00
5.307606163037629443e+00
3.507782705773835552e+00
1.738701171094718667e+00
3.447262292662385263e+00
1.708680898972810835e+00
1.693850032960764196e+00
0.000000000000000000e+00
3.329089563618551573e+00
0.000000000000000000e+00
4.907135748309205070e+00
1.621471478207161532e+00
4.822043189874252178e+00
0.000000000000000000e+00
1.579448304543018544e+00
3.131343196204669610e+00
0.000000000000000000e+00
1.538461538461538325e+00
0.000000000000000000e+00
1.511705612001456478e+00
1.498496534388005674e+00
0.000000000000000000e+00
1.472413239909616811e+00
1.459537832794783663e+00
1.446772445396650175e+00
0.000000000000000000e+00
2.843138526441524760e+00
0.000000000000000000e+00
2.793597381327824092e+00
0.000000000000000000e+00
0.000000000000000000e+00
0.000000000000000000e+00
1.348534858422787419e+00
0.000000000000000000e+00
0.000000000000000000e+00
1.313433968547799369e+00
1.301939060847384866e+00
0.000000000000000000e+00
1.279253264992443517e+00
1.268061010868891447e+00
0.000000000000000000e+00
