0.000000000000000000e+00
2.101553233019926470e+00
1.048978405655594415e+00
0.000000000000000000e+00
0.000000000000000000e+00
0.000000000000000000e+00
0.000000000000000000e+00
0.000000000000000000e+00
2.806192058004472756e+01
5.916056764593552231e+01
1.254200051008108829e+02
1.573507743472607956e+02
1.664618372967667881e+02
1.765907149458342076e+02
1.598842249671468494e+02
1.834066530502097692e+02
1.801246245631234046e+02
1.994781403685994405e+02
2.054473287288552967e+02
2.124398336581450621e+02
1.999462708482438416e+02
2.151438200662845475e+02
2.364667318521641164e+02
2.188959619409757522e+02
2.218027134109307781e+02
2.757852830826506647e+02
3.011247289704830905e+02
2.999200697896585552e+02
3.160604996093160821e+02
3.464608345298562995e+02
3.737870086409040482e+02
4.184069737592690217e+02
4.904773663765437277e+02
4.597703261619682849e+02
5.694251925709882016e+02
6.068544677662475806e+02
6.585095491009791431e+02
6.217710143135050203e+02
6.175748399845667791e+02
6.194947923594980921e+02
5.960496550182384681e+02
5.208501426897437341e+02
4.801999146683426147e+02
5.096176609624492357e+02
5.055499595052860968e+02
5.339843210892009893e+02
4.832497645074681145e+02
4.751670053705611281e+02
4.975604974915036678e+02
4.793522227014397572e+02
4.845152863239657108e+02
4.907111194394631752e+02
4.928597601297180972e+02
5.123044044024848063e+02
5.460101710629371610e+02
5.299146385842705058e+02
5.005964733928485089e+02
5.415037144196824102e+02
5.641300392990356158e+02
5.847543098602001237e+02
5.891064474174183943e+02
5.679861552455579385e+02
5.897108639164500801e+02
6.063710936922525434e+02
5.995740420060994893e+02
6.162920054677783810e+02
5.757763835546114706e+02
5.843451282419482595e+02
5.509535743601328477e+02
5.544225118164479227e+02
5.732942978715897198e+02
5.973409589946020333e+02
5.937065348703082464e+02
5.880250101050573903e+02
5.586842002940217071e+02
5.540214175046741047e+02
6.122365965771637093e+02
5.220146391464986664e+02
5.565842790968998770e+02
5.612580775608344084e+02
6.269985319543282003e+02
5.654941408662564299e+02
5.785242889157226500e+02
6.611333268262781075e+02
6.234093325032363282e+02
6.230622517235591431e+02
6.581340014457249481e+02
6.443003215443028466e+02
6.450611538471511039e+02
6.677834630601760182e+02
6.968530339331825871e+02
7.343901693674323496e+02
7.290295794802000273e+02
7.058146945014706262e+02
7.330351167595630386e+02
7.129526471461140318e+02
6.991573533150055937e+02
6.948418740180471787e+02
7.243668854987287204e+02
6.819789770990237230e+02
6.458454849143644196e+02
6.998935881632779683e+02
6.062694840486860812e+02
5.571161162600424177e+02
5.280940540875201350e+02
5.021977798893470322e+02
4.366331368212287316e+02
4.416131846330601434e+02
3.628761548513238608e+02
3.279797704944448355e+02
3.586785902667949131e+02
3.463288841745301170e+02
2.928760340285701318e+02
2.771364942589826228e+02
2.364055937567970034e+02
2.618026486774426189e+02
2.448518746771995040e+02
2.463777054842323366e+02
2.227938832830439537e+02
2.341396809723682111e+02
2.038779783722732759e+02
2.020594857936003450e+02
2.079386118205489424e+02
1.807743958600619862e+02
1.844323267057118869e+02
1.980654964915005962e+02
1.563211710775328527e+02
1.910634633114271992e+02
1.791979999172176576e+02
1.717487597184198194e+02
1.720943814422403761e+02
1.735634120405171927e+02
1.761627270377474019e+02
1.664068934238561894e+02
1.521058366722187145e+02
1.546829453309428288e+02
1.742446841734584950e+02
1.632771497566119479e+02
1.613550157681715405e+02
1.662590328203925196e+02
1.574913715270755574e+02
1.361058829456243870e+02
1.409919227153159227e+02
1.527941875405775534e+02
1.531368629988814405e+02
1.373266350686331521e+02
1.468919534629503971e+02
1.530246514145146079e+02
1.382720122727663181e+02
1.374281857741761996e+02
1.400838679198822376e+02
1.404131378102100030e+02
1.254978836939465197e+02
1.387289895719066237e+02
1.461321980832960321e+02
1.453030543077547918e+02
1.219715663441125173e+02
1.222690814630772138e+02
1.368489842998964718e+02
1.300291651480683583e+02
1.279601610030622396e+02
1.294784900972697130e+02
1.310054451360217627e+02
1.156722357218675796e+02
1.171738524920211688e+02
1.320056570566399046e+02
1.554136067402004073e+02
1.290339154133240527e+02
1.135025916715430583e+02
1.235875899544421799e+02
1.190040349882290798e+02
1.328482804564061155e+02
1.319665666022538630e+02
1.323175856034626463e+02
1.202720820914300219e+02
1.404871046030494313e+02
1.271536101939807963e+02
1.249984345612573691e+02
1.303525324553132805e+02
1.407638669093306021e+02
1.411509021105387092e+02
1.150018688720605695e+02
1.001137737947708359e+02
1.296210328855301270e+02
1.210633730873276761e+02
1.162919557563623982e+02
1.191833452079863918e+02
1.362285128907002161e+02
1.353275222773548876e+02
1.447620259159151885e+02
1.361039751670908515e+02
1.364962558056712680e+02
1.225502593726898084e+02
1.255213305300655122e+02
1.534253159800679782e+02
1.236257077228205077e+02
1.332223094929719025e+02
1.336153782489057562e+02
1.127816101189936262e+02
1.171092235417595049e+02
1.254671649759743559e+02
1.231653552150536512e+02
1.611332462119890181e+02
1.346826706817094816e+02
1.202303569278978159e+02
1.219505087409849295e+02
1.372726416095251523e+02
1.254227891485163155e+02
1.367474077002303261e+02
1.220798581000954499e+02
1.265846780687975581e+02
1.449193182827459054e+02
1.066045419252345994e+02
1.319352624530399112e+02
1.198097857427323731e+02
1.537259959672786067e+02
1.317793831006038943e+02
1.336018188925855554e+02
1.340249484633236534e+02
1.202979822735486408e+02
1.448174930445009920e+02
1.338856932080641684e+02
1.400302465506987062e+02
1.462141389780324801e+02
1.409329767130156199e+02
1.284037775812014388e+02
1.302672993491113971e+02
1.495681283248263185e+02
1.500554548440020994e+02
1.563921068250150483e+02
1.642363529608007582e+02
1.471211738007421559e+02
1.505576838668320931e+02
1.673448671381758572e+02
1.842427599376401872e+02
1.774001815947781324e+02
2.034173006115658779e+02
1.665778798360991289e+02
2.017659990938700219e+02
1.843127050601281951e+02
2.319223079064830699e+02
2.007631652522139802e+02
1.724451090634766217e+02
2.449954657641743836e+02
2.366070435676966497e+02
2.081195244207031294e+02
2.242964278114727108e+02
2.204048536349337439e+02
2.554219613159619655e+02
2.187898092012380857e+02
2.383583460949463984e+02
2.313102365101685507e+02
2.368440651504895129e+02
2.645966866237242812e+02
2.655119078321620236e+02
2.775998757173191507e+02
2.289345787172336202e+02
2.634676873898978897e+02
2.821191048075283447e+02
2.005994874301816822e+02
2.126649062125035528e+02
2.248136614069602786e+02
2.435855969818831284e+02
2.428015123873155972e+02
2.436566671308472110e+02
2.544290864548019613e+02
2.503542371750312725e+02
2.479126576457363456e+02
2.287546188000167433e+02
2.111344615002788885e+02
2.236566752321147078e+02
2.362665484884717841e+02
2.167856082989825666e+02
1.801668491710948388e+02
2.012805428296284163e+02
2.328153760727133204e+02
2.113162936604995252e+02
1.965576588758738126e+02
1.522744803685078523e+02
1.597694238983618220e+02
1.777744810100601285e+02
1.609246093275673672e+02
2.229490841920806190e+02
1.814715062069119824e+02
1.626785040539574538e+02
1.437475084397773060e+02
1.513941178963687548e+02
1.698205409473350187e+02
1.363510475873283951e+02
1.494524190145564830e+02
1.662625034541825073e+02
1.596145279785250750e+02
1.583776322742823197e+02
1.479946493012511155e+02
1.448691813104312018e+02
1.693269723974768226e+02
1.477811867047620069e+02
1.520320919137883209e+02
1.265388726346981372e+02
1.157981720178556628e+02
1.499671946761645245e+02
1.373493697312760844e+02
1.246368613472434532e+02
1.364693155030426794e+02
9.892520596450448522e+01
1.393890634067195435e+02
1.188230868663690956e+02
1.519639514577001762e+02
1.332195401185264529e+02
1.065829784311908384e+02
6.613195126372781374e+01
8.980456336119050320e+01
1.018950135493775804e+02
1.003066209614223396e+02
7.896416335504676454e+01
6.736903635302070370e+01
7.756362681118420710e+01
6.986735509212057593e+01
1.001819907745098561e+02
1.005549958397764811e+02
6.863207394823363927e+01
7.294000516447934501e+01
6.914452181749979331e+01
7.552602134784017096e+01
7.580765158871946596e+01
7.403390067419564957e+01
5.986090523389120222e+01
4.143742218479864903e+01
5.199007685528962242e+01
6.470831444814751876e+01
6.075954639457803097e+01
7.570722171769240560e+01
4.432742460543011020e+01
5.084905897394411767e+01
4.465905051860056574e+01
4.909491814911838503e+01
3.428050131013536372e+01
3.010742553990432668e+01
4.317117541019024429e+01
4.766556023403499154e+01
4.566876557413637272e+01
4.147355964292923147e+01
3.724638295079212469e+01
5.937670856048723067e+01
1.545137851396021489e+01
4.874255995819311238e+01
2.890979797438570387e+01
2.901754446199607074e+01
4.032783678865716581e+01
3.822926380695633242e+01
2.482868559618822601e+01
3.171776022432785069e+01
4.775364944547219892e+01
3.195416188829763726e+01
4.123664399418623105e+01
4.138986203154232868e+01
5.539143240226995601e+01
4.633086502279078189e+01
2.092623617888666843e+01
3.500637786433129861e+01
2.342406629797810425e+01
2.115973379333788884e+01
1.651848165075774233e+01
4.026468986687361706e+01
4.279078106595603970e+01
1.908837027174164902e+01
2.634338328874288848e+01
7.211057067278467514e+00
1.688780882189637467e+01
1.937142522859880955e+01
2.673371401129443115e+01
2.683199646744969158e+01
2.693055523986895494e+01
1.965773707840164874e+01
7.398680269842050627e+00
1.980208789714613360e+01
1.739023755736041466e+01
1.994722056405931099e+01
2.002007652156574125e+01
2.511640452328561679e+01
3.024954055989479684e+01
2.023978528390923515e+01
1.269587301846329197e+01
2.548399183723383743e+01
2.301882035068430810e+01
2.823608669289843576e+01
7.728629350106819729e+00
1.809867456206368175e+01
2.854348452889998811e+01
1.041688581622271847e+01
7.840807202737987147e+00
7.869014577625527807e+00
1.579457169259593030e+01
1.320936726924776039e+01
1.855937409565813567e+01
1.064330201335570791e+01
2.670332272035128796e+01
1.875901466756578984e+01
1.075762470168136709e+01
3.238767426086746326e+01
5.417118093174429383e+00
1.630898710417892516e+01
1.363894516409614255e+01
1.642459413856299122e+01
1.648256549846218988e+01
1.654064683466269514e+01
1.936530947648224910e+01
2.776188935490448095e+00
8.357768058265035549e+00
2.236539029315666127e+01
1.683265192771138885e+01
1.689136223482586985e+01
2.260022950162053945e+01
8.504540038681323466e+00
1.706808455447119499e+01
1.427265334559327314e+01
2.291516920863346130e+01
8.622830834812983625e+00
2.018920952505918365e+01
8.682250264246349047e+00
2.613607719551754371e+01
2.622553192459982085e+01
2.339121118384993281e+01
2.640481675870712408e+01
1.471924557600066485e+01
2.067690021304305859e+01
1.185539830041483533e+01
1.784321343629153844e+01
2.088730425443288752e+01
5.987888813589449910e+00
3.004000028808353662e+01
1.507033599384165967e+01
1.814487384555257066e+01
2.427388063106118565e+01
1.826601141389082628e+01
3.665335000428548540e+01
1.532283297494732288e+01
1.537348620547094313e+01
2.776353743858514278e+01
1.856992243250991592e+01
9.315437095213205509e+00
1.557656546254018082e+01
2.187842282231192570e+01
1.881403838910907922e+01
1.572932541648993165e+01
1.893638850033706689e+01
1.266508714120702450e+01
2.223540136540018963e+01
1.912024105606898416e+01
2.557547444843703488e+01
2.565734416420696817e+01
1.608703853755161006e+01
1.936591853309754185e+01
9.713711660600372610e+00
2.923343841982519820e+01
1.955052374991423747e+01
2.288080208866923115e+01
2.295268998611534528e+01
0.000000000000000000e+00
2.639605560553048846e+01
2.316851560247270569e+01
2.324050508730493192e+01
2.331251521428974272e+01
6.681298313090401564e+00
2.010564844466457401e+01
2.352865061162285798e+01
2.360072451144342409e+01
1.690914978405434255e+01
3.392129189405476808e+00
1.701214754374784732e+01
1.023819196260124542e+01
6.846064733249218826e+00
1.373333755380841659e+01
2.754909170983635391e+01
2.072363002904011964e+01
2.424967831455265710e+01
1.737270238043474180e+01
6.969680479611120916e+00
1.048541640986842793e+01
1.752717960687647647e+01
1.757865675436680064e+01
1.057807455184758716e+01
1.414526472601682272e+01
1.773302553277816429e+01
3.201202251853930392e+01
2.853739841654949316e+01
1.788727554775215012e+01
1.076319625596689633e+01
1.079401651094323533e+01
2.886620112933014326e+01
2.532978543853414877e+01
1.814401096229939725e+01
1.819529585874470001e+01
1.459724600533412797e+01
7.319117940623363516e+00
1.834900685190477176e+01
2.576026947110127452e+01
3.690270143778699108e+00
1.480198445517145345e+01
2.226429724997831272e+01
3.348837209302325846e+01
2.238682796656279805e+01
1.870669652345730682e+01
1.875766988467832519e+01
7.523443655194064661e+00
2.263141605592118211e+01
1.891038172155231933e+01
1.516897063074254781e+01
7.604802888319230014e+00
2.287531520834818721e+01
2.293617457999257070e+01
2.299698580142639415e+01
1.537183194138601650e+01
2.311845996932903446e+01
1.158956052427525307e+01
3.098630699086500329e+01
1.553352444305828506e+01
7.786929814135008066e+00
3.903539620703451174e+00
2.348163067573091922e+01
1.569464498713037237e+01
1.966853945076112353e+01
3.154995930158239048e+01
1.581508874951806121e+01
2.378273754084775859e+01
1.589518799959870599e+01
2.390276579118508593e+01
1.198134411256766718e+01
2.001879052312098395e+01
1.605489756198010198e+01
1.207104036605182529e+01
3.630262676046513803e+01
1.617423804209824212e+01
1.621393187538564007e+01
1.625358190175849060e+01
1.221989081379262920e+01
2.449912360005091472e+01
1.227919912416626147e+01
3.692640760002434774e+01
1.233837178254265154e+01
1.649054217934388333e+01
2.892728267239585094e+01
1.242687223566720789e+01
8.304201698616630267e+00
3.745709276638935137e+01
1.668674287703117187e+01
1.672584141501389610e+01
3.352978429977433450e+01
2.100486855163897815e+01
1.263213694312481294e+01
2.532263276247489614e+01
1.692061237836352916e+01
2.119927582507479258e+01
1.699817982004823236e+01
8.518444832795777799e+00
1.280666250822106633e+01
2.139270084644103775e+01
1.286454111869255357e+01
8.595616143912478080e+00
1.722969290522554076e+01
1.726810318865874549e+01
1.730646298816374440e+01
1.300857911896212293e+01
1.738303055938660791e+01
1.742123805398847480e+01
1.309454588228947003e+01
1.312312484796971646e+01
8.767776895232417544e+00
8.786778182823564265e+00
2.641726110227625668e+01
8.824703389309318524e+00
2.210906797368880916e+01
1.329378756416614671e+01
2.220349222760925656e+01
8.900242676194467961e+00
1.783812468004284213e+01
0.000000000000000000e+00
4.478311534437940722e+00
2.692609204440918447e+01
1.798815720147333508e+01
9.012766764377037276e+00
1.806285688377784382e+01
1.357509535147755564e+01
2.720601622202330105e+01
2.271813472751224339e+01
2.731742683840777275e+01
1.368650574611061366e+01
0.000000000000000000e+00
1.832262554269200905e+01
9.179759993488824321e+00
9.198180043497474756e+00
9.216572827835172177e+00
3.232228386965648070e+01
9.253276202598875955e+00
3.245055303811387404e+01
1.393480391153492626e+01
1.861624831950874537e+01
1.865270222711627568e+01
1.401682500676474596e+01
2.340680173682562426e+01
2.345215759849899229e+01
3.289641910252048973e+01
1.883412415232021786e+01
1.415267766147010242e+01
9.453145805040971794e+00
1.420671597584203205e+01
2.372278196038918097e+01
0.000000000000000000e+00
1.904992285718807210e+01
1.908568167636911994e+01
1.434103499894930778e+01
1.436776300291314712e+01
1.439444488757462182e+01
2.884216050838070089e+01
9.631779124207877629e+00
9.649473166149229897e+00
4.833567663126292935e+00
1.936953057843386361e+01
1.940472545284334061e+01
1.943985459107825520e+01
3.894983456057752846e+01
9.754956389321263188e+00
9.772420157266102692e+00
1.957969908577605977e+01
1.471086619410915119e+01
2.456150870986116530e+01
3.936770862849321873e+01
2.957764404794471957e+01
4.938232788448412514e+00
1.978735867700251916e+01
2.973256634379303875e+01
1.985598673414060400e+01
2.983527761638554310e+01
9.962152386547856509e+00
1.496875847086243105e+01
9.996151704164416785e+00
3.504581471958151440e+01
2.005997260492609868e+01
2.511710042931432696e+01
4.025460330180951729e+01
5.040208769479403550e+00
1.514570934697857751e+01
1.517072419738911115e+01
2.532611611262015217e+01
5.073514843027167487e+00
1.524534751645575348e+01
2.036010310207212015e+01
5.098244205962750186e+00
3.063862401991424278e+01
5.114604694193563006e+00
1.536823737523309319e+01
5.130860128792652297e+00
5.138947190934530340e+00
1.029401289930659047e+01
1.546511208629774181e+01
2.065215748347698010e+01
4.653910713409801758e+01
1.553686312107736001e+01
2.593433089104437528e+01
1.038949339908567637e+01
2.081038121704951394e+01
2.605205671542513457e+01
5.218194150666957576e+00
1.045188609078653919e+01
5.233657329170134709e+00
5.241336287219939827e+00
2.099591675151230064e+01
2.628292641195976032e+01
1.052830760944717703e+01
2.108673588541650901e+01
5.279174981092345398e+00
3.700638210419680973e+01
1.588210870690085841e+01
1.060280957601998253e+01
5.308730798281163565e+00
0.000000000000000000e+00
5.323251604509161794e+00
2.665222279715952070e+01
5.337591289856480792e+00
3.741283579257113701e+01
1.605522655423134282e+01
5.358744354389323838e+00
2.146278523848425834e+01
5.372597003825261730e+00
2.151778148189871587e+01
2.154496129204272137e+01
2.157192301892836994e+01
5.399665538691885480e+00
1.081258705520037822e+01
2.165145421494993627e+01
0.000000000000000000e+00
1.627747483259827632e+01
2.172885548103740305e+01
0.000000000000000000e+00
3.266881159948145097e+01
1.090199701525044063e+01
1.637138510275224590e+01
0.000000000000000000e+00
2.187673036155011275e+01
2.737552112147419692e+01
2.192381474376552930e+01
5.486729558944933416e+00
5.492430406230184303e+00
0.000000000000000000e+00
1.651080351675939184e+01
2.203627245593391848e+01
0.000000000000000000e+00
1.655927255833273293e+01
5.524976884320600412e+00
1.659033177399226844e+01
2.767578520596182656e+01
0.000000000000000000e+00
0.000000000000000000e+00
0.000000000000000000e+00
0.000000000000000000e+00
1.667706928540421529e+01
1.669053399616318956e+01
1.670370173731163277e+01
1.114437817265020136e+01
5.576375086176365237e+00
5.580456793871355181e+00
1.675329722322437220e+01
0.000000000000000000e+00
0.000000000000000000e+00
1.119140884925232982e+01
5.599237322634971648e+00
1.680796463792523809e+01
5.605955200423096585e+00
1.682740913396067839e+01
0.000000000000000000e+00
1.684540081462414562e+01
1.685383732285172087e+01
1.124126208298823393e+01
2.249274975249993958e+01
5.625612985571983415e+00
1.125581139135981168e+01
5.630063571439300141e+00
0.000000000000000000e+00
1.126793358391835653e+01
5.635708105046245642e+00
0.000000000000000000e+00
0.000000000000000000e+00
5.640066543484764772e+00
5.641224076459556258e+00
1.128446114392628630e+01
1.692925196607836114e+01
1.128756456960995536e+01
5.644323418879551468e+00
2.257882140363489754e+01
0.000000000000000000e+00
2.257993384785003599e+01
5.644875577264923727e+00
1.128920073043776462e+01
1.693246742559588469e+01
1.128707979549099960e+01
1.128550126476134885e+01
0.000000000000000000e+00
1.128128817588637389e+01
1.691796859032454137e+01
1.127564079188366364e+01
1.127226949561576497e+01
5.634263997692760206e+00
0.000000000000000000e+00
1.125991919060057178e+01
1.125504438681881147e+01
1.687467657886084282e+01
5.622067773595899709e+00
0.000000000000000000e+00
1.123165703853629260e+01
5.612410170179551905e+00
1.121758075343595884e+01
1.120993490679507154e+01
2.240375898352202100e+01
1.679011689715563804e+01
5.592263525100078958e+00
1.676283561480519779e+01
1.674824746881596482e+01
1.673302170515420428e+01
0.000000000000000000e+00
0.000000000000000000e+00
1.668347619579353136e+01
1.111043872127710230e+01
1.664718205817814933e+01
1.108536297959287076e+01
1.660824180449696996e+01
1.658777070069498549e+01
3.313325589496477619e+01
1.102987366045385365e+01
2.753719239399714880e+01
3.849799346152089186e+01
1.647528178463885951e+01
2.193431764754522106e+01
1.642550719367553569e+01
3.279917324702866210e+01
3.274594934537812918e+01
2.179422623314767549e+01
1.087844676879521977e+01
3.257794964722789643e+01
4.335888692793009369e+01
1.081966172472556131e+01
1.079913606911448198e+01
3.772350555200683431e+01
2.151337332843809591e+01
2.146952537598246735e+01
3.213711783852235016e+01
1.603427501994433158e+01
3.199858582524715445e+01
2.660602232444453108e+01
1.592723748406335460e+01
3.178033284220600763e+01
2.642066944982871846e+01
2.635657486622669765e+01
2.103306411503508500e+01
3.671491439597357243e+01
2.092592395981042941e+01
2.087098621111423924e+01
5.203785402513997127e+00
1.037919711780813614e+01
1.035037423659282929e+01
2.064220901447748702e+01
2.058278085719010519e+01
5.130617326104276898e+00
1.023063998189930501e+01
5.099804686606884019e+00
2.033629186549049095e+01
1.520437937599164790e+01
3.536376806586285682e+01
2.014238386892110810e+01
1.003803122284156224e+01
1.000445544542901111e+01
1.495570289055469182e+01
4.968037400936084147e+00
1.485191751777257885e+01
1.973216727620037503e+01
9.830495232381981197e+00
9.794517815013760398e+00
1.463723430906172496e+01
4.860707678140965271e+00
4.842150172461943569e+00
0.000000000000000000e+00
4.804484390422350870e+00
9.570763005217834518e+00
9.532204616631025473e+00
4.746649648173619340e+00
4.727026418687513498e+00
9.414471141357381612e+00
9.374560215369610816e+00
9.334326168636037480e+00
4.646887604580788533e+00
4.626456820145126159e+00
1.381762178578369316e+01
4.585142171631489738e+00
1.369279449975982033e+01
0.000000000000000000e+00
9.044173497122869776e+00
0.000000000000000000e+00
4.479366721252484140e+00
4.457812084781724415e+00
0.000000000000000000e+00
0.000000000000000000e+00
4.392411739756928668e+00
0.000000000000000000e+00
0.000000000000000000e+00
0.000000000000000000e+00
4.303626233778953036e+00
8.562341894078246085e+00
0.000000000000000000e+00
0.000000000000000000e+00
0.000000000000000000e+00
0.000000000000000000e+00
4.167524699225810814e+00
4.144547401431596612e+00
4.121496085980248303e+00
0.000000000000000000e+00
0.000000000000000000e+00
4.051935204649437239e+00
4.028624975035436151e+00
0.000000000000000000e+00
3.981841826021611297e+00
0.000000000000000000e+00
7.869732630555758668e+00
0.000000000000000000e+00
0.000000000000000000e+00
0.000000000000000000e+00
0.000000000000000000e+00
3.816777512261836591e+00
7.586154304071172305e+00
0.000000000000000000e+00
0.000000000000000000e+00
0.000000000000000000e+00
0.000000000000000000e+00
3.674356522985047668e+00
0.000000000000000000e+00
0.000000000000000000e+00
0.000000000000000000e+00
0.000000000000000000e+00
3.555584482572177851e+00
3.531860418865570228e+00
0.000000000000000000e+00
3.484468248566273019e+00
3.460806367883718870e+00
0.000000000000000000e+00
0.000000000000000000e+00
0.000000000000000000e+00
0.000000000000000000e+00
0.000000000000000000e+00
0.000000000000000000e+00
0.000000000000000000e+00
3.272726261465821462e+00
0.000000000000000000e+00
0.000000000000000000e+00
0.000000000000000000e+00
6.359578028490769697e+00
0.000000000000000000e+00
0.000000000000000000e+00
3.110706426242803246e+00
3.087810016231338661e+00
3.064983026383401921e+00
0.000000000000000000e+00
0.000000000000000000e+00
0.000000000000000000e+00
0.000000000000000000e+00
0.000000000000000000e+00
2.929600774049196943e+00
0.000000000000000000e+00
0.000000000000000000e+00
2.863016748715705440e+00
0.000000000000000000e+00
0.000000000000000000e+00
2.797238073792428725e+00
0.000000000000000000e+00
0.000000000000000000e+00
0.000000000000000000e+00
0.000000000000000000e+00
0.000000000000000000e+00
2.668273988778611550e+00
5.294266785592470548e+00
5.252194716855945522e+00
0.000000000000000000e+00
0.000000000000000000e+00
0.000000000000000000e+00
0.000000000000000000e+00
0.000000000000000000e+00
0.000000000000000000e+00
0.000000000000000000e+00
0.000000000000000000e+00
0.000000000000000000e+00
0.000000000000000000e+00
0.000000000000000000e+00
0.000000000000000000e+00
0.000000000000000000e+00
0.000000000000000000e+00
9.295343099236411888e+00
0.000000000000000000e+00
2.285503751912420611e+00
0.000000000000000000e+00
0.000000000000000000e+00
4.457814008658352201e+00
0.000000000000000000e+00
2.191781764554645573e+00
0.000000000000000000e+00
0.000000000000000000e+00
0.000000000000000000e+00
2.118997637892437336e+00
0.000000000000000000e+00
0.000000000000000000e+00
4.131400097721712683e+00
0.000000000000000000e+00
0.000000000000000000e+00
0.000000000000000000e+00
0.000000000000000000e+00
0.000000000000000000e+00
0.000000000000000000e+00
1.945659066793955283e+00
1.929004146378404227e+00
5.737417346031689291e+00
0.000000000000000000e+00
0.000000000000000000e+00
1.863615201415020906e+00
1.847574789025175246e+00
0.000000000000000000e+00
0.000000000000000000e+00
1.800186378532438791e+00
1.784633620566002499e+00
3.538404108691753258e+00
3.507782705773835552e+00
0.000000000000000000e+00
0.000000000000000000e+00
1.708680898972810835e+00
1.693850032960764196e+00
0.000000000000000000e+00
0.000000000000000000e+00
0.000000000000000000e+00
0.000000000000000000e+00
1.621471478207161532e+00
0.000000000000000000e+00
0.000000000000000000e+00
1.579448304543018544e+00
1.565671598102334805e+00
1.552009523701294968e+00
0.000000000000000000e+00
0.000000000000000000e+00
0.000000000000000000e+00
0.000000000000000000e+00
0.000000000000000000e+00
1.472413239909616811e+00
0.000000000000000000e+00
1.446772445396650175e+00
1.434116462880008047e+00
1.421569263220762380e+00
0.000000000000000000e+00
1.396798690663912046e+00
1.384574041090684604e+00
2.744911243457472505e+00
0.000000000000000000e+00
0.000000000000000000e+00
0.000000000000000000e+00
0.000000000000000000e+00
0.000000000000000000e+00
1.301939060847384866e+00
0.000000000000000000e+00
0.000000000000000000e+00
2.536122021737782894e+00
0.000000000000000000e+00
