0.000000000000000000e+00
-2.101553233019926470e+00
-1.048978405655594415e+00
0.000000000000000000e+00
0.000000000000000000e+00
0.000000000000000000e+00
0.000000000000000000e+00
0.000000000000000000e+00
1.974727744521666040e+01
1.556857043314092692e+01
1.015798388419790541e+02
1.677027989753700297e+02
1.261387835416493601e+02
1.807214919036315166e+02
1.444115580348423578e+02
1.524954193900620396e+02
1.410118489437023186e+02
1.593768647274892487e+02
1.520310232593529065e+02
1.539419084479312119e+02
1.415004378310648576e+02
1.075719100331422737e+02
1.228398607024229250e+02
1.513859923703944617e+02
1.543419802997721035e+02
1.031641244123989054e+02
8.778551420834423880e+01
1.346579905178058425e+02
1.926949497618088003e+02
1.375653313574429149e+02
1.711068595413402704e+02
1.832439301135484584e+02
2.106406946886816058e+02
2.705728025643441583e+02
2.836957655844745432e+02
3.049519938523856126e+02
2.601519206324855986e+02
3.240930613823662725e+02
2.681574963090882875e+02
2.488134821771753877e+02
2.213608599556661147e+02
2.589021177112762189e+02
2.680185570241912387e+02
2.172473694142711338e+02
1.908501855160517380e+02
1.766412012728535501e+02
2.162441173111149624e+02
2.223537909746856940e+02
1.279441279263866704e+02
2.254580369485584583e+02
1.391584784620195023e+02
1.788098489054772813e+02
1.920628755969416943e+02
1.687351808151040586e+02
1.209966673305204949e+02
2.695343171301951770e+02
2.523331817102163654e+02
2.229122433419369145e+02
1.924559159341475834e+02
1.935597889781150798e+02
2.354387359055772322e+02
2.243392354650318339e+02
1.877280258834373399e+02
1.806863359992065625e+02
1.664915993986273861e+02
1.226451752174682497e+02
2.382875619329031451e+02
1.780666415308213573e+02
2.119839960828020367e+02
2.213590805034247069e+02
1.466566808508717941e+02
1.631910867356386916e+02
1.807826126940731228e+02
1.346700635030813373e+02
1.882858354582062930e+02
1.730029705219056950e+02
1.515130971327324687e+02
2.806086597783549905e+02
1.517957124809726110e+02
2.222292572294279580e+02
1.779599793665751122e+02
2.154263393776213888e+02
1.938782115183514634e+02
1.608723165746830546e+02
1.901398464134871347e+02
2.080341408092017446e+02
1.603680952889899345e+02
2.356179169401495983e+02
2.463340328607243919e+02
2.403602449199381681e+02
2.594888174405846257e+02
2.378125084827491946e+02
2.863670146735174740e+02
1.995607023144037839e+02
2.082366615758872967e+02
2.474798701319598422e+02
2.921064658646404268e+02
2.291499797293560050e+02
1.216090391713194094e+02
2.223844490540295737e+02
1.972533008112837933e+02
1.932938285974455539e+02
1.861353679096843052e+02
2.450032633648370393e+02
2.187056183594780805e+02
2.233177361635607099e+02
2.097551343552961498e+02
2.754723020647972476e+02
2.748411113666831511e+02
1.978632058064847001e+02
1.734151742731351078e+02
2.082288929772097390e+02
2.226290147966253130e+02
2.089349351249361462e+02
2.266457297943603919e+02
1.640340246900159400e+02
2.045873441747267236e+02
1.885988630476645938e+02
1.943985844332442525e+02
1.859988119873953281e+02
1.896284422494799742e+02
1.943724401384089902e+02
1.782330958461847672e+02
1.917972248759194258e+02
2.363384306288763241e+02
1.571245838088998994e+02
1.895809947110504652e+02
2.155018132698655791e+02
1.847631551941498742e+02
1.505589776752381681e+02
1.910918131598902505e+02
1.522878970161957284e+02
1.548436708994212836e+02
1.641581516208311484e+02
1.746400346977326024e+02
1.783934697977296935e+02
1.527469633988110331e+02
1.836867934761884271e+02
1.443104718489985316e+02
1.525939068351547689e+02
1.517851624137757653e+02
1.452558582696999565e+02
1.501621290707836351e+02
1.907055273062847789e+02
1.865276075625473027e+02
2.077209606080165258e+02
1.920005061011792975e+02
1.507060960900522559e+02
1.742924524446634393e+02
1.618857442594109557e+02
1.622638136738636092e+02
1.755164222627624895e+02
1.923518965028713410e+02
1.739990716664591162e+02
1.543815963621917717e+02
1.240391927017419107e+02
1.823652545339158166e+02
1.982421029546979980e+02
1.475589048103230994e+02
1.705887212493007326e+02
1.745998458546456504e+02
1.534559882634307826e+02
1.742732985754417996e+02
2.120657654900905413e+02
2.005243248832527456e+02
1.441162677957811979e+02
1.262735554764128665e+02
1.582491415446427254e+02
1.830686962444242738e+02
1.615204145939243858e+02
1.337261836465667102e+02
1.685205039122929236e+02
1.701998709449629246e+02
1.310809726538975610e+02
1.983869395322556670e+02
1.355141097498441809e+02
1.346332343230384936e+02
2.012474796436243594e+02
1.591804963636998309e+02
1.696707324353538411e+02
1.461920057573436793e+02
1.958823041227404929e+02
1.913567068735493422e+02
1.537661272465602735e+02
1.363555886352006326e+02
1.610196310472710195e+02
1.525034202123696900e+02
1.298026396411388816e+02
1.185726861858728398e+02
1.292518088534957030e+02
1.296228334924674925e+02
1.364962558056712680e+02
1.525359611340925881e+02
1.673617740400873402e+02
9.572690655166633178e+01
9.600719855070103392e+01
1.319032767257147327e+02
1.005422648209587635e+02
1.088010827030291523e+02
1.237631566975413051e+02
1.214628937533368855e+02
8.701900096715748134e+01
6.713885258832874570e+01
9.966517630446500675e+01
1.418448031171828063e+02
1.205955030883073391e+02
9.106204938453646491e+01
1.513253216900577627e+02
7.384360015812436018e+01
1.097347039101981778e+02
1.155773147584673382e+02
8.005067105142154560e+01
7.891505051608274357e+01
1.069370021987797372e+02
1.351342932214539587e+02
8.944057947187118884e+01
6.869350821201692270e+01
7.453575159270562267e+01
8.182575800918706932e+01
1.033147377172829664e+02
7.240874652225048180e+01
7.691305780037728823e+01
8.287504387694414731e+01
8.457484509513645321e+01
8.916167914496907088e+01
9.233530073254934223e+01
9.552935285601503779e+01
1.147173023073910372e+02
6.118766119852512020e+01
5.992594747500575636e+01
5.865584034314309747e+01
1.029848216605195148e+02
9.889573352037012910e+01
8.145104152743070358e+01
4.308903256606103582e+01
1.013715323398732266e+02
6.431576416395094498e+01
9.454420206913735569e+01
8.733155184660049031e+01
1.359683889787830537e+02
3.486413778986343459e+01
1.095071810466621969e+02
1.419238508221533550e+02
3.674931986462613054e+01
5.991996557883229002e+01
9.558081862284146268e+01
9.126544304053027190e+01
1.086502799608828411e+02
5.451078442718701922e+01
1.469017290351170004e+02
9.565696784073509207e+01
1.085741926476301558e+02
8.842178432284944734e+01
7.129850837166219435e+01
8.108447484694772811e+01
4.467124436830425793e+01
9.605646659464346726e+01
8.193202473710243794e+01
3.869062008788961293e+01
1.989817496283254172e+02
1.509758494485712106e+02
1.238104222241230730e+02
1.258798051517114516e+02
1.821011342904866979e+02
1.547549102047272527e+02
1.272145432274009522e+02
1.856932090304867700e+02
1.497459005913843555e+02
2.220756518277534894e+02
2.764856043456032921e+02
2.236566752321147078e+02
2.598932033373189370e+02
3.065483992352800442e+02
3.161418296775815406e+02
2.746285372505946611e+02
3.475111863438294222e+02
3.298595803480968129e+02
4.448410174559249981e+02
4.810489266186953046e+02
4.532589091029612405e+02
4.601221861436850418e+02
5.667344937188241829e+02
5.266513799812928482e+02
6.219363270974751003e+02
6.065079009837761532e+02
6.832443302384475601e+02
6.696963332827606337e+02
7.632986419422320523e+02
7.858126163585505992e+02
7.616671475079203901e+02
8.764925453834621294e+02
7.998864413469267447e+02
7.882472962616579935e+02
9.391265400104083483e+02
8.343731328638757532e+02
8.631994571132242982e+02
8.959234443976196189e+02
8.473008049341617607e+02
8.504156587361330821e+02
8.834279897491246629e+02
7.592089230480828519e+02
8.353852076806382456e+02
8.214702225159228419e+02
8.605148505330747639e+02
7.571583071898612616e+02
7.332246623038397502e+02
7.014395127917917989e+02
6.463276922757880811e+02
6.699591365380968000e+02
5.891131898742185058e+02
6.029677909339889084e+02
5.349228339340477305e+02
4.075800541975103215e+02
4.503963960816806775e+02
4.264064821172525512e+02
4.042142181181242790e+02
3.460531042345141941e+02
3.293746740057112561e+02
3.025496121390197573e+02
2.252431906810992928e+02
2.321378971778490836e+02
2.269244605117135336e+02
1.992989158269111556e+02
1.837119438190707115e+02
9.014963972712584450e+01
1.069378565293937413e+02
1.032084572998124372e+02
1.471028487560352005e+02
9.358213833952132177e+01
6.262094946594920941e+01
4.190313544453656647e+01
5.888339466931633126e+01
5.910323280724014694e+01
3.389937264929607608e+01
2.977270034573371049e+01
2.988386322120248906e+01
2.142531331883459700e+01
4.301060791414904827e+00
2.374414647560463720e+01
1.299969824564590937e+01
2.174703122577923864e+00
2.182818928575223083e+00
1.971867332688994878e+01
-1.099568677046060117e+01
3.752477639104623819e+01
-6.646712721571788052e+00
4.447661226828564907e+00
1.116059402384464150e+01
-8.961741508590481686e+00
8.995120895754432411e+00
-2.257153236017114040e+00
2.265554301737704890e+00
-6.821949920781740673e+00
-4.564880269756805831e+00
-9.163698665374717223e+00
-1.839549423624103497e+01
-2.769571620113497801e+01
-1.158271625569769725e+01
6.975412059628887107e+00
0.000000000000000000e+00
1.171203314898904679e+01
2.351081532593099155e+00
1.415869855779235209e+01
-7.105533505918870674e+00
-1.901812491820268392e+01
1.431627770380623943e+01
1.197426513124677072e+01
1.682579982364975635e+01
9.650176469655072253e+00
2.421428153574851194e+00
2.430337637390401540e+00
2.439272406131792081e+00
-7.344696883600626336e+00
-9.828868539200824372e+00
9.864907026456069872e+00
0.000000000000000000e+00
9.937278604205950217e+00
4.986805141014826859e+00
7.507528695587154743e+00
0.000000000000000000e+00
-2.520795046657898553e+00
5.059946320977307010e+00
5.078349207385318920e+00
-5.096798367446766065e+00
-5.115293411263181156e+00
-1.283458486040837876e+01
2.576209783368939910e+00
2.585524937437668314e+00
-1.556917337939999335e+01
7.812664362167039300e+00
1.568161440547597252e+01
1.573802915525105561e+01
0.000000000000000000e+00
2.641873453849550302e+00
0.000000000000000000e+00
2.660825503338926978e+00
-1.602199363221077277e+01
0.000000000000000000e+00
-2.689406175420341327e+00
-2.968870140579517525e+01
8.125677139761641854e+00
5.436329034726309573e+00
5.455578065638455598e+00
2.737432356427163427e+00
-5.494188499487396626e+00
-2.756774472443783708e+00
-2.766472782354608029e+00
8.328566806471343398e+00
8.357768058265035549e+00
-1.118269514657833064e+01
8.416325963855694425e+00
-5.630454078275288765e+00
0.000000000000000000e+00
0.000000000000000000e+00
-5.689361518157065589e+00
-2.854530669118654274e+00
-8.593188453237548430e+00
2.874276944937662392e+00
-2.884172789294169092e+00
0.000000000000000000e+00
5.808017154559454553e+00
-5.827895983244403055e+00
-1.169560559192496640e+01
-2.053707970121665127e+01
2.943849115200132260e+00
-2.953842887577579290e+00
-2.963849575103708389e+00
-8.921606718145769221e+00
-2.983900607776128311e+00
1.496972203397362478e+01
-1.802400017285012268e+01
-9.042201596304995093e+00
6.048291281850854517e+00
6.068470157765297301e+00
9.133005706945414914e+00
-2.749001250321411405e+01
3.064566594989463155e+00
1.537348620547094313e+01
-6.169674986352255530e+00
9.284961216254956184e+00
3.105145698404401244e+00
6.230626185016070906e+00
-3.125488974615990401e+00
-9.407019194554539609e+00
-1.258346033319194568e+01
-1.262425900022471126e+01
0.000000000000000000e+00
-6.352971818685768213e+00
-3.186706842678164620e+00
-3.196934306054629360e+00
0.000000000000000000e+00
3.217407707510322012e+00
-6.455306177699180026e+00
3.237903886866789094e+00
-1.948895894655013450e+01
0.000000000000000000e+00
1.307474405066813361e+01
0.000000000000000000e+00
1.644614724748831946e+01
-6.599013901382623004e+00
-3.309787943210388050e+00
0.000000000000000000e+00
-3.330359316327104580e+00
1.670324578272600391e+01
-6.701882814888191930e+00
-6.722471603320816058e+00
-3.371532073063345791e+00
6.763659913621737019e+00
6.784258378810953616e+00
0.000000000000000000e+00
3.412730654200414548e+00
1.026909709987382868e+01
3.433334388452104591e+00
0.000000000000000000e+00
-3.453938338173351497e+00
-6.928479518443616314e+00
3.474540476086946938e+00
1.393936095922224183e+01
1.048541640986842793e+01
1.752717960687647647e+01
0.000000000000000000e+00
1.763012425307931608e+01
1.414526472601682272e+01
-7.093210213111266427e+00
-2.845513112759049079e+01
-1.426869920827474658e+01
0.000000000000000000e+00
0.000000000000000000e+00
1.439202201459097985e+01
-1.804137570583133865e+01
0.000000000000000000e+00
1.088640657737963835e+01
0.000000000000000000e+00
0.000000000000000000e+00
7.319117940623363516e+00
-3.669801370380953998e+00
-7.360076991743220276e+00
3.690270143778699108e+00
-7.400992227585726724e+00
-3.710716208329721155e+00
0.000000000000000000e+00
-7.462275988854266018e+00
0.000000000000000000e+00
1.125460193080699867e+01
0.000000000000000000e+00
-1.131570802796059105e+01
-3.782076344310462801e+00
-3.792242657685637397e+00
1.140720433247884458e+01
-7.625105069449395145e+00
7.645391526664191417e+00
0.000000000000000000e+00
-3.842957985346505012e+00
-1.541230664621935631e+01
2.317912104855050259e+01
-7.746576747716250821e+00
0.000000000000000000e+00
2.336078944240502508e+01
1.171061886211035308e+01
3.913605112621819870e+00
3.923661246782591761e+00
0.000000000000000000e+00
-1.183123473809339643e+01
7.907544374759030603e+00
-7.927579180282586790e+00
-7.947593999799352993e+00
3.983794298530849431e+00
1.996890685427944589e+01
-8.007516209248393579e+00
-1.605489756198010198e+01
8.047360244034550192e+00
-2.016812597803618701e+01
4.043559510524559641e+00
1.216044890653923360e+01
4.063395475439623539e+00
1.221989081379262920e+01
-1.224956180002545736e+01
8.186132749444173129e+00
-2.461760506668289850e+01
4.112790594180882664e+00
8.245271089671941667e+00
-2.479481371919644417e+01
1.656916298088961170e+01
1.660840339723326053e+01
-2.913329437385838361e+01
-1.251505715777337890e+01
4.181460353753472248e+00
-1.257366911241537721e+01
-8.401947420655590193e+00
-4.210712314374937648e+00
-2.110219396872907893e+01
-4.230153094590882290e+00
-8.479710330029917031e+00
-4.249544955012057201e+00
8.518444832795777799e+00
4.268887502740355444e+00
-2.139270084644103775e+01
-1.286454111869255357e+01
1.289342421586871801e+01
-8.614846452612770378e+00
-4.317025797164685486e+00
-8.653231494081872199e+00
1.300857911896212293e+01
4.345757639846652864e+00
-8.710619026994237402e+00
2.618909176457893651e+01
-4.374374949323238226e+00
1.753555379046483864e+01
8.786778182823564265e+00
-1.761150740151750682e+01
8.824703389309318524e+00
0.000000000000000000e+00
-1.329378756416614671e+01
8.881396891043703334e+00
4.450121338097234869e+00
-8.919062340021421065e+00
8.937855823962841839e+00
8.956623068875881444e+00
-1.346304602220459223e+01
4.497039300368335546e+00
9.012766764377037276e+00
9.031428441888920133e+00
4.525031783825850695e+00
-1.813734414801553640e+01
-1.363088083650734639e+01
-1.365871341920388637e+01
1.824867432814748724e+01
1.828567693280555417e+01
0.000000000000000000e+00
2.294939998372205991e+01
4.599090021748736490e+00
4.608286413917586088e+00
-9.234938248473280709e+00
4.626638101299437977e+00
-1.854317316463649945e+01
4.644934637178311121e+00
-9.308124159754372684e+00
-4.663175556779068032e+00
-4.672275002254915321e+00
-1.404408104209537456e+01
0.000000000000000000e+00
-1.409846532965163846e+01
0.000000000000000000e+00
0.000000000000000000e+00
-4.726572902520485897e+00
0.000000000000000000e+00
0.000000000000000000e+00
9.507052003155761710e+00
-4.762480714297018025e+00
9.542840838184559971e+00
4.780344999649770443e+00
-9.578508668608765930e+00
9.596296591716416913e+00
-4.807026751396783482e+00
9.631779124207877629e+00
0.000000000000000000e+00
2.416783831563146379e+01
9.684765289216933581e+00
4.851181363210834263e+00
4.859963647769564687e+00
-3.408110524050533741e+01
9.754956389321263188e+00
-4.886210078633051346e+00
4.894924771444014056e+00
9.807244129406100797e+00
-9.824603483944466475e+00
0.000000000000000000e+00
-4.929607341324121705e+00
1.975293115379365005e+01
9.893679338501261356e+00
0.000000000000000000e+00
-9.927993367070302000e+00
-2.486273134698795317e+01
2.490538096636964127e+01
0.000000000000000000e+00
9.996151704164416785e+00
-1.501963487982065004e+01
-5.014993151231525559e+00
-5.023420085862866813e+00
-1.509547623817856987e+01
2.520104384739702041e+01
-1.514570934697857751e+01
-1.011381613159274195e+01
-5.065223222524029012e+00
0.000000000000000000e+00
0.000000000000000000e+00
5.090025775518029150e+00
1.529473261788825056e+01
-1.021287467330474641e+01
1.534381408258068902e+01
-1.024549158348872879e+01
1.026172025758530282e+01
1.541684157280359102e+01
1.544101934895988393e+01
0.000000000000000000e+00
0.000000000000000000e+00
-3.619708332652068350e+01
0.000000000000000000e+00
0.000000000000000000e+00
0.000000000000000000e+00
0.000000000000000000e+00
-1.042082268617005347e+01
5.218194150666957576e+00
1.567782913617980789e+01
5.233657329170134709e+00
5.241336287219939827e+00
0.000000000000000000e+00
-1.576975584717585654e+01
5.264153804723589403e+00
-1.054336794270825450e+01
5.279174981092345398e+00
-3.171975608931155222e+01
-5.294036235633619469e+00
1.590421436402997202e+01
0.000000000000000000e+00
2.126405349653751031e+01
1.596975481352748538e+01
-2.132177823772761727e+01
5.337591289856480792e+00
-3.206814496506097356e+01
5.351742184743780939e+00
5.358744354389323838e+00
-1.073139261924212917e+01
2.149038801530104692e+01
-2.151778148189871587e+01
-5.386240323010678566e+00
-1.078596150946418497e+01
5.399665538691885480e+00
1.081258705520037822e+01
-1.623859066121245220e+01
5.419374428874069949e+00
-1.627747483259827632e+01
-5.432213870259349875e+00
5.438539956904759443e+00
-2.722400966623454366e+01
0.000000000000000000e+00
-1.637138510275224590e+01
2.731595089930803510e+01
-2.187673036155011275e+01
-1.642531267288451602e+01
-1.096190737188276465e+01
-5.486729558944933416e+00
5.492430406230184303e+00
2.199221908035552175e+01
-1.100720234450626123e+01
-5.509068113983481396e+00
5.514454076168971319e+00
-5.519757519444244309e+00
0.000000000000000000e+00
-1.659033177399226844e+01
-1.660547112357709665e+01
1.108022922997062665e+01
0.000000000000000000e+00
1.109951312336562523e+01
2.221775040158512482e+01
0.000000000000000000e+00
-1.112702266410879304e+01
-1.670370173731163277e+01
-5.572189086325100682e+00
1.115275017235272870e+01
5.580456793871355181e+00
-5.584432407741457993e+00
1.676490032885008219e+01
0.000000000000000000e+00
0.000000000000000000e+00
0.000000000000000000e+00
-5.602654879308412106e+00
5.605955200423096585e+00
-5.609136377986892796e+00
5.612196490773011526e+00
-1.684540081462414562e+01
-5.617945774283905180e+00
-5.620631041494116964e+00
0.000000000000000000e+00
-5.625612985571983415e+00
-1.125581139135981168e+01
0.000000000000000000e+00
1.126416921541687266e+01
-5.633966791959178266e+00
1.127141621009249306e+01
1.691191956600841095e+01
5.638760012858806903e+00
0.000000000000000000e+00
1.128244815291911429e+01
5.642230571963143149e+00
-5.643083988692785269e+00
-1.128756456960995536e+01
0.000000000000000000e+00
-5.644705350908726160e+00
0.000000000000000000e+00
-5.644983461962507221e+00
5.644875577264923727e+00
5.644600365218883198e+00
-5.644155808531960972e+00
-5.643539897745499800e+00
0.000000000000000000e+00
5.641786022109633869e+00
1.692193226382956084e+01
-5.639322863441513789e+00
-1.127564079188366364e+01
5.636134747807881595e+00
1.690279199307828151e+01
1.126441248364712600e+01
0.000000000000000000e+00
0.000000000000000000e+00
-1.687467657886084282e+01
5.622067773595899709e+00
2.247618855685572825e+01
-1.123165703853629260e+01
5.612410170179551905e+00
-5.608790376717979420e+00
0.000000000000000000e+00
-1.120187949176101050e+01
-5.596705632385214457e+00
1.118452705020015614e+01
-1.117522374320346401e+01
-5.582749156271988866e+00
0.000000000000000000e+00
1.671715401057383232e+01
1.670064019500598462e+01
0.000000000000000000e+00
1.666565808191565523e+01
1.109812137211876504e+01
-5.542681489796435379e+00
5.536080601498991172e+00
1.105851380046332366e+01
-2.208883726330984842e+01
1.654481049068078136e+01
-1.101487695759885810e+01
5.499713351645844739e+00
0.000000000000000000e+00
1.096715882377260698e+01
5.475169064558510712e+00
-1.093305774900955640e+01
0.000000000000000000e+00
-5.448556558286917095e+00
5.439223384397608996e+00
-5.429658274537981555e+00
-2.167944346396504685e+01
1.081966172472556131e+01
1.079913606911448198e+01
-2.694536110857630717e+01
5.378343332109523089e+00
-2.146952537598246735e+01
-2.142474522568156559e+01
3.206855003988866315e+01
-1.599929291262357722e+01
5.321204464888907637e+00
1.061815832270890425e+01
-1.589016642110300381e+01
-1.056826777993148880e+01
1.054262994649067409e+01
-1.051653205751754250e+01
-5.244987770853366982e+00
0.000000000000000000e+00
-5.217746552778558922e+00
1.561135620754199138e+01
1.556879567671220599e+01
5.175187118296413757e+00
0.000000000000000000e+00
2.572847607148763061e+01
0.000000000000000000e+00
1.023063998189930501e+01
1.019960937321376804e+01
-1.016814593274524547e+01
-1.013625291732776645e+01
-5.051966866551840241e+00
-1.007119193446055405e+01
1.003803122284156224e+01
-5.002227722714505553e+00
0.000000000000000000e+00
0.000000000000000000e+00
-9.901278345181719232e+00
-9.866083638100187514e+00
0.000000000000000000e+00
0.000000000000000000e+00
4.879078103020574986e+00
4.860707678140965271e+00
4.842150172461943569e+00
4.823408188507709582e+00
0.000000000000000000e+00
-4.785381502608917259e+00
-4.766102308315512737e+00
9.493299296347238680e+00
4.727026418687513498e+00
0.000000000000000000e+00
-4.687280107684805408e+00
-4.667163084318018740e+00
-4.646887604580788533e+00
4.626456820145126159e+00
-4.605873928594563793e+00
0.000000000000000000e+00
-4.564264833253274034e+00
9.086490475795960364e+00
-9.044173497122869776e+00
1.350237829467214468e+01
-4.479366721252484140e+00
-4.457812084781724415e+00
4.436132353411318618e+00
4.414331053884755107e+00
-4.392411739756928668e+00
0.000000000000000000e+00
0.000000000000000000e+00
4.325981605153955911e+00
-4.303626233778953036e+00
-8.562341894078246085e+00
8.517238833719000368e+00
0.000000000000000000e+00
4.213242374925700418e+00
8.380848523983523535e+00
0.000000000000000000e+00
-4.144547401431596612e+00
4.121496085980248303e+00
0.000000000000000000e+00
0.000000000000000000e+00
0.000000000000000000e+00
-4.028624975035436151e+00
0.000000000000000000e+00
-3.981841826021611297e+00
3.958376279957417587e+00
-3.934866315277879334e+00
0.000000000000000000e+00
0.000000000000000000e+00
3.864106370014869452e+00
3.840455103870488163e+00
7.633555024523673183e+00
-7.586154304071172305e+00
0.000000000000000000e+00
0.000000000000000000e+00
0.000000000000000000e+00
0.000000000000000000e+00
-3.674356522985047668e+00
3.650592777068402572e+00
3.626830396221841557e+00
0.000000000000000000e+00
3.579322980985157443e+00
3.555584482572177851e+00
0.000000000000000000e+00
0.000000000000000000e+00
-3.484468248566273019e+00
-3.460806367883718870e+00
6.874342743564602287e+00
0.000000000000000000e+00
0.000000000000000000e+00
3.366457553179403650e+00
0.000000000000000000e+00
0.000000000000000000e+00
0.000000000000000000e+00
-3.272726261465821462e+00
0.000000000000000000e+00
6.452295649767816776e+00
0.000000000000000000e+00
-3.179789014245384848e+00
6.313396584362602759e+00
0.000000000000000000e+00
-3.110706426242803246e+00
0.000000000000000000e+00
-3.064983026383401921e+00
0.000000000000000000e+00
3.019546216320661891e+00
2.996940722909982480e+00
5.948826606172169740e+00
0.000000000000000000e+00
0.000000000000000000e+00
0.000000000000000000e+00
0.000000000000000000e+00
0.000000000000000000e+00
0.000000000000000000e+00
0.000000000000000000e+00
-2.797238073792428725e+00
0.000000000000000000e+00
0.000000000000000000e+00
0.000000000000000000e+00
2.710863681807643477e+00
0.000000000000000000e+00
-2.668273988778611550e+00
-2.647133392796235274e+00
-5.252194716855945522e+00
2.605167122000577873e+00
0.000000000000000000e+00
0.000000000000000000e+00
0.000000000000000000e+00
2.522527241394085795e+00
0.000000000000000000e+00
0.000000000000000000e+00
2.461711877305093221e+00
0.000000000000000000e+00
0.000000000000000000e+00
4.803845084945304045e+00
2.382224546539988719e+00
0.000000000000000000e+00
0.000000000000000000e+00
-6.971507324427308916e+00
0.000000000000000000e+00
-2.285503751912420611e+00
2.266517527003844013e+00
0.000000000000000000e+00
-4.457814008658352201e+00
0.000000000000000000e+00
-2.191781764554645573e+00
0.000000000000000000e+00
0.000000000000000000e+00
2.137009703258549997e+00
2.118997637892437336e+00
2.101108569403329795e+00
2.083342661920593031e+00
0.000000000000000000e+00
0.000000000000000000e+00
0.000000000000000000e+00
4.027025727472578254e+00
3.992728343322925255e+00
0.000000000000000000e+00
1.962437323117265375e+00
-1.945659066793955283e+00
-1.929004146378404227e+00
-3.824944897354459528e+00
0.000000000000000000e+00
0.000000000000000000e+00
-1.863615201415020906e+00
-1.847574789025175246e+00
0.000000000000000000e+00
0.000000000000000000e+00
-1.800186378532438791e+00
-1.784633620566002499e+00
-3.538404108691753258e+00
-3.507782705773835552e+00
1.738701171094718667e+00
0.000000000000000000e+00
0.000000000000000000e+00
-1.693850032960764196e+00
0.000000000000000000e+00
3.329089563618551573e+00
1.650069527215555887e+00
0.000000000000000000e+00
-1.621471478207161532e+00
1.607347729958084059e+00
0.000000000000000000e+00
-1.579448304543018544e+00
0.000000000000000000e+00
-1.552009523701294968e+00
0.000000000000000000e+00
0.000000000000000000e+00
0.000000000000000000e+00
1.498496534388005674e+00
0.000000000000000000e+00
0.000000000000000000e+00
0.000000000000000000e+00
-1.446772445396650175e+00
0.000000000000000000e+00
-1.421569263220762380e+00
2.818260435157937227e+00
-1.396798690663912046e+00
-1.384574041090684604e+00
-1.372455621728736253e+00
0.000000000000000000e+00
2.697069716845574838e+00
0.000000000000000000e+00
0.000000000000000000e+00
0.000000000000000000e+00
-1.301939060847384866e+00
0.000000000000000000e+00
1.279253264992443517e+00
-2.536122021737782894e+00
0.000000000000000000e+00
