0.000000000000000000e+00
2.101553233019926470e+00
1.048978405655594415e+00
0.000000000000000000e+00
0.000000000000000000e+00
0.000000000000000000e+00
0.000000000000000000e+00
0.000000000000000000e+00
7.587111860530612262e+01
1.338897057250119644e+02
3.524198490436008342e+02
4.824043476698916493e+02
4.590624581351829647e+02
5.339029217952999034e+02
4.641800079691360565e+02
5.193087254904816064e+02
5.012610980699491279e+02
5.583331454646881866e+02
5.629256807170635284e+02
5.788215757642212793e+02
5.413929795275525976e+02
5.378595501657114255e+02
5.957733244067511578e+02
5.891779162523459945e+02
5.979474071216336597e+02
6.547346905777002348e+02
6.900349721493104198e+02
7.344981300971229530e+02
8.248159489804409077e+02
8.304870004171555138e+02
9.186808768231483100e+02
1.020057877632086502e+03
1.191595427441769061e+03
1.190113454888280785e+03
1.422546150726450833e+03
1.518660929384880774e+03
1.577171018834443885e+03
1.567635090009376199e+03
1.503307176278221959e+03
1.487803066896171458e+03
1.413460169992143165e+03
1.300602403090763801e+03
1.228418386360876411e+03
1.236482691339169605e+03
1.201950104526623818e+03
1.244609843451255529e+03
1.182743646326051248e+03
1.172687801715807836e+03
1.123065122909393949e+03
1.184162482351438030e+03
1.108189051109950924e+03
1.160232087784403575e+03
1.177782395856377889e+03
1.193343989620073671e+03
1.213017009456394817e+03
1.329363594298736189e+03
1.253526128495913326e+03
1.305919672181301848e+03
1.320715994532218701e+03
1.363068408698515213e+03
1.413651630740414021e+03
1.360311545956147711e+03
1.367149753716337500e+03
1.393428523383711763e+03
1.365639683410826365e+03
1.355229186153025012e+03
1.389840329042126086e+03
1.346756898014717990e+03
1.313891144803067618e+03
1.330204104136320439e+03
1.293245276594051120e+03
1.357873004724842758e+03
1.368195682434689616e+03
1.310720083713196118e+03
1.305654236046249707e+03
1.281045805531253791e+03
1.375986290287060001e+03
1.324637938071352437e+03
1.264964270674772251e+03
1.344745412351096775e+03
1.431957043275231626e+03
1.346414621110134249e+03
1.350926789349796763e+03
1.483138970227239270e+03
1.436958511419959905e+03
1.454158644256320031e+03
1.476636098180439831e+03
1.524218560028755292e+03
1.536456340555026600e+03
1.575927171040290204e+03
1.653194885306949800e+03
1.706592847217613780e+03
1.744426173633917642e+03
1.611190091317344923e+03
1.674306895095013260e+03
1.673385164424187906e+03
1.690421172494651728e+03
1.618833727765450476e+03
1.570342810168776850e+03
1.586342403252077020e+03
1.488944270640012746e+03
1.593081004924001491e+03
1.398674336007056354e+03
1.359235495884921875e+03
1.274893726534518464e+03
1.227713295942254717e+03
1.083021407997753613e+03
1.158698671330917477e+03
1.000593421069330816e+03
8.538227467953743144e+02
8.907723548067249340e+02
9.008866613262699730e+02
8.083810828537655198e+02
7.632079236429013918e+02
6.994569173079544271e+02
6.876393220449011778e+02
6.942910935291257601e+02
6.813542740161292386e+02
6.399863509993322168e+02
6.542781739321317218e+02
5.973843989940264692e+02
5.984914117256096233e+02
5.941103194872825952e+02
5.533460165960434551e+02
6.052030840403001548e+02
5.532555767919011487e+02
5.022233368661161421e+02
5.976287398927199774e+02
5.431591550285852463e+02
4.940564971120778068e+02
5.352805760443709460e+02
4.994147210972300854e+02
5.071691249749160875e+02
4.969719384685434989e+02
4.788517080421700030e+02
4.877593604596153227e+02
5.012363317457280232e+02
5.102410929894123228e+02
4.670205033853416126e+02
4.851119724759398082e+02
4.667679054679268802e+02
4.174676241609487306e+02
4.321459745014154805e+02
4.962939023874398572e+02
4.928013335603101837e+02
4.823742307452828300e+02
4.857844130270800633e+02
4.567553989190814718e+02
4.508364769901960472e+02
4.367421158077633550e+02
4.424315495136280560e+02
4.563426978831824954e+02
4.433476638907643519e+02
4.514570508102723352e+02
4.466459925287838360e+02
4.146453013172514943e+02
4.263083872221408228e+02
4.427802658808524257e+02
4.212568734101160430e+02
4.306470515454374208e+02
4.305201678607701297e+02
4.124129684579702371e+02
4.362841888474853249e+02
4.434102369338257290e+02
4.348720298672951117e+02
4.081275819090610071e+02
4.371007689568136811e+02
4.163169723712908308e+02
4.100738795875104188e+02
4.086955945028087740e+02
3.717342536230248697e+02
4.342170648251051261e+02
4.341330041494706506e+02
3.957161438608228536e+02
4.389311037151157393e+02
4.164883189559430434e+02
3.889404547110000863e+02
4.512443487661390691e+02
4.198855612743263919e+02
4.511984662540150453e+02
4.284938099784210976e+02
4.258860418668616603e+02
3.915842544630910425e+02
4.130081930176205560e+02
3.784823348098559563e+02
3.936035425599958444e+02
3.908701106283425020e+02
4.022596654225393422e+02
3.892277307405826150e+02
4.187758606853260517e+02
4.018307838266491672e+02
4.094887674170138325e+02
3.976364798794722333e+02
4.184044351002183930e+02
4.025775385118022882e+02
3.432586139963420351e+02
3.983478957116585661e+02
3.677730213187702475e+02
3.343643029410163763e+02
3.579816037810603007e+02
3.723972237052855689e+02
3.333497113972647981e+02
3.894053450123067819e+02
3.690305176678839416e+02
3.823055169729784666e+02
3.644965205702771982e+02
3.656073326035867694e+02
4.021708999870903654e+02
3.473384155585849840e+02
3.538944201103890919e+02
3.687466708960624828e+02
3.698893076169133565e+02
2.921241343665519707e+02
3.708075271048595596e+02
3.747538647069187050e+02
3.968925714064283738e+02
3.322522744132247112e+02
3.417393893778767051e+02
3.498756549358344046e+02
3.439107022643802338e+02
3.620437326112524943e+02
3.446844442165056535e+02
3.629355369783415881e+02
3.770031230512014417e+02
3.710276325710003107e+02
3.491428558949522198e+02
3.560639515542378604e+02
4.138535589570436741e+02
3.612985708865293191e+02
3.727101611250358246e+02
3.871285462647446138e+02
3.972271692620038266e+02
4.000111012540343154e+02
4.161407758037823896e+02
4.115745524413414387e+02
4.561718955294294915e+02
4.711503653870827293e+02
4.276999617413356418e+02
4.908635500343405056e+02
5.045937990990394155e+02
4.987087536028295744e+02
5.110335115510901574e+02
4.868140689491066269e+02
5.267402513929748693e+02
5.331340527142256178e+02
5.118198674642477499e+02
5.398582986634756935e+02
5.494599872307503574e+02
5.653547070591109787e+02
5.844813474375931719e+02
5.723736600306278888e+02
5.711946656679672287e+02
5.621099146238284447e+02
6.004918816191106998e+02
6.121082905112717754e+02
5.998709958029426161e+02
5.539256240291107360e+02
6.088673995168982174e+02
6.029288297029463592e+02
6.001807244886888384e+02
5.763056618735782877e+02
5.734377450380436585e+02
6.130509991154776799e+02
6.677041590651178922e+02
6.420682444664216746e+02
6.360727161370048179e+02
6.864016833805493434e+02
6.455712158828570182e+02
6.795848894277869476e+02
6.987545273461610122e+02
6.709700256963441234e+02
7.324263003142624484e+02
7.401196158332451205e+02
6.764755280197712182e+02
6.771896229098515505e+02
8.131419384892560629e+02
7.524921676690958066e+02
8.379563352076726233e+02
7.855978873557110091e+02
7.727977568996848277e+02
8.156711481638053556e+02
8.885837123739589742e+02
9.725495483654540294e+02
9.848793395112990083e+02
9.318649090916910609e+02
9.707393471180022289e+02
9.724845690754982570e+02
1.102939723836902203e+03
1.058514711533207446e+03
1.060571985537033470e+03
1.209017552291827087e+03
1.119115497303977008e+03
1.105002560810222576e+03
1.235115838612910466e+03
1.124111495484738271e+03
1.201853401908177830e+03
1.191485817807143576e+03
1.151364988761738459e+03
1.103493404005529328e+03
1.115024333784836017e+03
1.059143312400412015e+03
1.110083947143190471e+03
1.070743945210409720e+03
1.133453481539160066e+03
9.550087191188702036e+02
1.012002789117278780e+03
9.390856865245299332e+02
9.502555951911884904e+02
9.363982167751496490e+02
8.022791467366000688e+02
7.352316934614445927e+02
7.145319606564287369e+02
6.113700812962655391e+02
6.510096380045254136e+02
5.843348088273460235e+02
5.389522908241656296e+02
5.011803578568825515e+02
4.691093841899524364e+02
5.029135936880394979e+02
4.263531823606522835e+02
3.694020450743163906e+02
3.728044708406722521e+02
3.375879594619107138e+02
3.347639865147510818e+02
2.417649429045647764e+02
2.550056578777850405e+02
2.229302677675948416e+02
2.299776931256324701e+02
1.975622920501005808e+02
1.920375783622442327e+02
1.634222282336926355e+02
2.102978381047011567e+02
1.477580820181003673e+02
1.355974905971843043e+02
1.190908013829348420e+02
1.280736995194392591e+02
8.998631593910532445e+01
6.451591187122355109e+01
1.100864972959851258e+02
1.083308187137158995e+02
9.351223427085066930e+01
8.512993821443367892e+01
9.421143922847420527e+01
1.077577303505138673e+02
6.842753341896667507e+01
9.083840719481443671e+01
6.226725717559997264e+01
6.919568294783678652e+01
7.169393206872385349e+01
8.545364850966709014e+01
4.740021795635934154e+01
6.570107475039340272e+01
8.868534897016266427e+01
5.934344350683846869e+01
7.330958932299773778e+01
6.438422982684362239e+01
8.308714860340492692e+01
8.107901378988387364e+01
4.882788441740222396e+01
7.001275572866259722e+01
5.856016574494525173e+01
4.467054911926887684e+01
4.719566185930783320e+01
7.342384622782836345e+01
6.656343721370939193e+01
5.249301824728954102e+01
6.466103170873255124e+01
3.124791395820669138e+01
4.342579411344782159e+01
4.116427861077247030e+01
5.589776565997926383e+01
5.610326534103117524e+01
4.651641359613728355e+01
2.948660561760247134e+01
2.466226756614016935e+01
3.960417579429226720e+01
4.471775371892677953e+01
4.488124626913344883e+01
4.754768173871863723e+01
5.023280904657123358e+01
5.797828607313169869e+01
4.553951688879577375e+01
3.047009524431190286e+01
4.587118530702090879e+01
4.092234729010543504e+01
4.363758852538849453e+01
1.803346848358258114e+01
3.878287406156503181e+01
4.151779567839998464e+01
2.864643599461247447e+01
3.136322881095194859e+01
3.147605831050211123e+01
3.158914338519186060e+01
2.906060799234506931e+01
3.711874819131627135e+01
2.394742953005034281e+01
3.738465180849180314e+01
3.751802933513157967e+01
1.882584322794239284e+01
3.508664711593975483e+01
1.895991332611050240e+01
3.805430324308416346e+01
3.273346839383074069e+01
3.558662063355314586e+01
2.747094249743698313e+01
3.032451919688160658e+01
3.596414617060989372e+01
1.388094467745224136e+01
2.507330417479510487e+01
3.354808543973499013e+01
4.208162981927847568e+01
2.815227039137645093e+01
4.520045900324107890e+01
1.700908007736264693e+01
2.844680759078532617e+01
2.569077602206789379e+01
3.723714996402937061e+01
2.011993861456362964e+01
3.749424626082419820e+01
1.736450052849269809e+01
5.808017154559453843e+01
4.662316786595523865e+01
3.508681677577489921e+01
3.227255381619759333e+01
3.238234026720146375e+01
3.839995753850853788e+01
2.074694702572596228e+01
2.676482015443730944e+01
3.879070790108964673e+01
2.694549966115252460e+01
4.205600040331695055e+01
2.109847039137832425e+01
4.233803897295599938e+01
5.461623141988766861e+01
4.566502853472707102e+01
4.581668750535685319e+01
3.371023254488410714e+01
4.612045861641283295e+01
4.935739989081803003e+01
4.642480608127478803e+01
2.173601988883081049e+01
3.738375711009643254e+01
4.063135667000786100e+01
2.822105758366361883e+01
1.887519049978791941e+01
2.524851800044942252e+01
2.533017428241404900e+01
3.811783091211461283e+01
3.505377526945980549e+01
4.795401459081944040e+01
5.131468832841393635e+01
3.539148478261354569e+01
3.227653088849590546e+01
2.266532720806753431e+01
3.897791789310026189e+01
3.910104749982847494e+01
5.883634822800659947e+01
4.590537997223069056e+01
1.644614724748831946e+01
4.619309730967835037e+01
4.302724326173502334e+01
4.648101017460986384e+01
4.329467111225238085e+01
3.006584240890680704e+01
3.350941407444095432e+01
4.033482961992490345e+01
4.382991694982349884e+01
4.058195948173042211e+01
1.356851675762190723e+01
3.402429508749569464e+01
2.388911457940290717e+01
2.396122656637226456e+01
3.090000949606893954e+01
5.509818341967270783e+01
3.799332171990688778e+01
4.157087711066169788e+01
3.821994523695643409e+01
2.787872191844448366e+01
3.145624922960528380e+01
5.258153882062943296e+01
3.515731350873360128e+01
3.878627335677448684e+01
4.243579417805047171e+01
2.837284085244506215e+01
3.556891390948811704e+01
4.280609762482423974e+01
3.577455109550430024e+01
2.152639251193379266e+01
3.598005503647745229e+01
3.969102655282894432e+01
5.065957087706829753e+01
4.717442850197843285e+01
3.639059171748940003e+01
2.919449201066825594e+01
2.195735382187008966e+01
3.302821233342859131e+01
4.416046195045932876e+01
1.107081043133609732e+01
2.220297668275718195e+01
4.081787829162690429e+01
6.697674418604651692e+01
3.731137994427133009e+01
3.741339304691461365e+01
4.876994170016364905e+01
1.504688731038812932e+01
3.394712408388177494e+01
3.403868709879417764e+01
2.654569860379945823e+01
2.661681010911730638e+01
3.812552534724697750e+01
5.351774068664933282e+01
4.599397160285278829e+01
2.690070589742552798e+01
3.082461329243871262e+01
4.635824209710101229e+01
5.422603723401375930e+01
3.106704888611657012e+01
3.893464907067504299e+01
1.951769810351725454e+01
5.087686646408366187e+01
3.531295122104333473e+01
3.933707890152224707e+01
5.126868386507138098e+01
3.953772187379514946e+01
3.963789590141293218e+01
2.384278199939805987e+01
5.178932588090101774e+01
4.393159507941477671e+01
3.203006483699357432e+01
1.605489756198010198e+01
3.218944097613820077e+01
5.243712754289408906e+01
3.639203559472104388e+01
4.458831265731051019e+01
3.657055927895660830e+01
3.665967244137788583e+01
3.674868540007636852e+01
3.274453099777669252e+01
4.923521013336579699e+01
2.878953415926618575e+01
4.122635544835971189e+01
3.305975162559526126e+01
4.142290745222402393e+01
3.321680679446652107e+01
4.578089115892031913e+01
2.085842859628896662e+01
3.763314318378126444e+01
5.448589948713329534e+01
3.360778968262236788e+01
2.105356157187468824e+01
2.954307155622071335e+01
2.961107166213617603e+01
3.391884132011966813e+01
2.974681468508440929e+01
2.555533449838733162e+01
2.988221251918248811e+01
2.139270084644103775e+01
1.286454111869255357e+01
3.008465650369367239e+01
2.584453935783831113e+01
3.021918058015280550e+01
2.595969448224561660e+01
3.902573735688636702e+01
3.911181875861986867e+01
2.613185708098271220e+01
5.237818352915788012e+01
2.187187474661619291e+01
3.507110758092967018e+01
2.636033454847069279e+01
3.522301480303500654e+01
2.647411016792795380e+01
4.421813594737761832e+01
1.329378756416614671e+01
5.328838134626221290e+01
2.225060669048617257e+01
2.675718702006426497e+01
8.937855823962841839e+00
1.791324613775176289e+01
4.038913806661377492e+01
4.047335370331500570e+01
2.703830029313111183e+01
4.515714220944460777e+01
3.167522248678096020e+01
3.627468829603106570e+01
3.180538861851714216e+01
4.097614025761166090e+01
4.562168582036871101e+01
1.828567693280555417e+01
3.664525108538401810e+01
4.130891997069970500e+01
2.299545010874368600e+01
2.304143206958793044e+01
5.540962949083967715e+01
2.313319050649718989e+01
4.635793291159124863e+01
3.251454246024816541e+01
2.792437247926311983e+01
3.264222889745348510e+01
2.336137501127457483e+01
3.276952243155587041e+01
4.690431519699798457e+01
5.169437287538934100e+01
3.766824830464043572e+01
2.830535532294020484e+01
1.417971870756145769e+01
2.841343195168406410e+01
4.744556392077836193e+01
9.507052003155761710e+00
3.333736500007912440e+01
4.771420419092279985e+01
3.346241499754838600e+01
1.915701733721752831e+01
3.838518636686566055e+01
5.287729426536461830e+01
2.889533737262363289e+01
1.929894633229845979e+01
3.383497364188404788e+01
4.842382644608466080e+01
4.366063226889751547e+01
4.373967282992607863e+01
4.381856388064971952e+01
2.926486916796378779e+01
1.465863023589915315e+01
4.405432294299613716e+01
3.922897651762440319e+01
3.929841393577786590e+01
7.873541725698643745e+01
5.422568075456531744e+01
2.962939673069047686e+01
4.946839669250630322e+01
5.946513268758607751e+01
2.978398010121090778e+01
3.480782388578313657e+01
4.482968573946535429e+01
2.993751694172486211e+01
2.998845511249324858e+01
5.507199455934237875e+01
3.510495205862066825e+01
4.521078077276578711e+01
6.541373036544047181e+01
3.528146138635582929e+01
1.514570934697857751e+01
2.022763226318548035e+01
4.558700900271627177e+01
1.014702968605433497e+01
3.049069503291150696e+01
4.581023197966226945e+01
2.549122102981375093e+01
5.106437336652373915e+01
2.557302347096781503e+01
2.049098316697745759e+01
2.052344051517060919e+01
2.569473595467265170e+01
3.602904514757306487e+01
3.093022417259548362e+01
4.130431496695396021e+01
5.688113094167535166e+01
3.107372624215472001e+01
5.186866178208875056e+01
2.077898679817135275e+01
4.162076243409902787e+01
4.168329074468021389e+01
1.565458245200087362e+01
3.658160131775288448e+01
1.570097198751040324e+01
1.572400886165981859e+01
4.199183350302460127e+01
3.679609697674366231e+01
2.632076902361794168e+01
3.163010382812476351e+01
1.583752494327703531e+01
4.229300811908206725e+01
2.647018117816809735e+01
3.710983351606994063e+01
1.061746159656232713e+01
2.126405349653751031e+01
2.661625802254580719e+01
3.198266735659142412e+01
1.601277386956944326e+01
4.275752662008130045e+01
3.746219529320646302e+01
1.607623306316797240e+01
3.219417785772638751e+01
3.223558202295156860e+01
2.151778148189871587e+01
3.770368226107476062e+01
3.235788452839255314e+01
1.619899661607565733e+01
3.243776116560113110e+01
2.706431776868742034e+01
5.419374428874069949e+00
1.627747483259827632e+01
3.802549709181545268e+01
5.438539956904759443e+00
3.811361353272835828e+01
2.180399403050088125e+01
1.637138510275224590e+01
2.731595089930803510e+01
2.187673036155011275e+01
3.832572957006387782e+01
3.288572211564829217e+01
5.486729558944933416e+00
1.647729121869055291e+01
2.199221908035552175e+01
2.201440468901252245e+01
3.856347679788435556e+01
5.514454076168971319e+00
2.759878759722122155e+01
1.104995376864120082e+01
1.659033177399226844e+01
3.874609928834655648e+01
1.108022922997062665e+01
0.000000000000000000e+00
1.109951312336562523e+01
2.221775040158512482e+01
3.335413857080843059e+01
2.225404532821758607e+01
1.670370173731163277e+01
1.671656725897530293e+01
2.230550034470546095e+01
1.674137038161406466e+01
2.792216203870728464e+01
1.676490032885008219e+01
0.000000000000000000e+00
2.238281769850465963e+01
1.119847464526994330e+01
2.801327439654206586e+01
1.681786560126928975e+01
2.804568188993446398e+01
5.612196490773011526e+00
1.684540081462414562e+01
2.808972887141953834e+01
1.686189312448235000e+01
4.498549950499987915e+01
5.625612985571983415e+00
1.125581139135981168e+01
1.126012714287860028e+01
1.126416921541687266e+01
1.690190037587753480e+01
2.254283242018498257e+01
1.691191956600841095e+01
5.638760012858806903e+00
1.128013308696952954e+01
2.256489630583822503e+01
2.821115285981571574e+01
2.821541994346393523e+01
1.128756456960995536e+01
1.128864683775910294e+01
3.951293745636107246e+01
0.000000000000000000e+00
3.951488423373756120e+01
1.693462673179477207e+01
2.822300182609441066e+01
2.822077904265980663e+01
1.693061969323650118e+01
2.257100252952269770e+01
5.641786022109633869e+00
3.948450861560230862e+01
2.819661431720756894e+01
1.127564079188366364e+01
2.818067373903941331e+01
2.817131998846380014e+01
1.126441248364712600e+01
2.251983838120114356e+01
2.251008877363762295e+01
1.687467657886084282e+01
1.686620332078769735e+01
2.247618855685572825e+01
1.123165703853629260e+01
1.683723051053865660e+01
1.682637113015393737e+01
2.241986981359014308e+01
3.360563847528302972e+01
2.798352816192605985e+01
2.236905410040031583e+01
2.235044748640693157e+01
2.791374578135994255e+01
3.346604341030840857e+01
1.671715401057383232e+01
1.670064019500598462e+01
3.336695239158706272e+01
3.888653552446986339e+01
4.439248548847506015e+01
1.662804446938930525e+01
3.875256421049293465e+01
4.423405520185329465e+01
4.417767452661970395e+01
3.860455781158848509e+01
4.405950783039543950e+01
8.249570027468763556e+01
3.295056356927771901e+01
5.483579411886304911e+01
3.832618345190958564e+01
5.466528874504776780e+01
6.549189869075625836e+01
3.813989590800843388e+01
2.719611692198805031e+01
5.972624101991780776e+01
6.503833039189514409e+01
3.245898517417668216e+01
3.239740820734344595e+01
4.850164999543736144e+01
4.840508998898571491e+01
2.146952537598246735e+01
4.284949045136313828e+01
6.413710007977732630e+01
4.799787873787073522e+01
5.853324911377796980e+01
4.247263329083561700e+01
4.767049926330901144e+01
4.227307111972594811e+01
6.325577967894406584e+01
3.154959617255262572e+01
6.818484102109377432e+01
4.185184791962085882e+01
3.652422586944992133e+01
2.601892701256998564e+01
3.632718991232847827e+01
2.587593559148207234e+01
4.128441802895497403e+01
6.689403778586783744e+01
1.026123465220855380e+01
3.069191994569791504e+01
2.039921874642753608e+01
3.050443779823573465e+01
2.027250583465552936e+01
6.567556926517387694e+01
3.021357580338166215e+01
3.011409366852468850e+01
1.500668316814351755e+01
2.991140578110938364e+01
9.936074801872168294e+00
1.980255669036343846e+01
2.959825091430056432e+01
1.966099046476396239e+01
1.958903563002752080e+01
3.415354672114402490e+01
1.458212303442289581e+01
1.452645051738583071e+01
4.823408188507709582e+00
9.608968780844701740e+00
1.435614450782675178e+01
1.429830692494653732e+01
1.898659859269447736e+01
1.418107925606254049e+01
1.882894228271476322e+01
1.406184032305441534e+01
1.400148925295405533e+01
4.646887604580788533e+00
1.387937046043537848e+01
2.302936964297282429e+01
9.170284343262979476e+00
2.282132416626636484e+01
9.086490475795960364e+00
9.044173497122869776e+00
1.350237829467214468e+01
4.479366721252484140e+00
4.457812084781724415e+00
4.436132353411318618e+00
4.414331053884755107e+00
4.392411739756928668e+00
0.000000000000000000e+00
0.000000000000000000e+00
4.325981605153955911e+00
4.303626233778953036e+00
8.562341894078246085e+00
8.517238833719000368e+00
0.000000000000000000e+00
4.213242374925700418e+00
8.380848523983523535e+00
8.335049398451621627e+00
4.144547401431596612e+00
1.236448825794074580e+01
0.000000000000000000e+00
0.000000000000000000e+00
8.103870409298874478e+00
4.028624975035436151e+00
0.000000000000000000e+00
3.981841826021611297e+00
3.958376279957417587e+00
1.180459894583363756e+01
0.000000000000000000e+00
0.000000000000000000e+00
3.864106370014869452e+00
3.840455103870488163e+00
1.526711004904734637e+01
7.586154304071172305e+00
0.000000000000000000e+00
0.000000000000000000e+00
0.000000000000000000e+00
0.000000000000000000e+00
3.674356522985047668e+00
3.650592777068402572e+00
3.626830396221841557e+00
0.000000000000000000e+00
3.579322980985157443e+00
1.066675344771653400e+01
7.063720837731140456e+00
0.000000000000000000e+00
3.484468248566273019e+00
3.460806367883718870e+00
6.874342743564602287e+00
0.000000000000000000e+00
0.000000000000000000e+00
3.366457553179403650e+00
0.000000000000000000e+00
0.000000000000000000e+00
0.000000000000000000e+00
3.272726261465821462e+00
0.000000000000000000e+00
6.452295649767816776e+00
0.000000000000000000e+00
9.539367042736154545e+00
6.313396584362602759e+00
0.000000000000000000e+00
3.110706426242803246e+00
6.175620032462677322e+00
3.064983026383401921e+00
0.000000000000000000e+00
3.019546216320661891e+00
2.996940722909982480e+00
5.948826606172169740e+00
0.000000000000000000e+00
5.859201548098393886e+00
0.000000000000000000e+00
0.000000000000000000e+00
5.726033497431410879e+00
0.000000000000000000e+00
0.000000000000000000e+00
2.797238073792428725e+00
0.000000000000000000e+00
0.000000000000000000e+00
0.000000000000000000e+00
2.710863681807643477e+00
0.000000000000000000e+00
2.668273988778611550e+00
7.941400178388706266e+00
5.252194716855945522e+00
2.605167122000577873e+00
0.000000000000000000e+00
0.000000000000000000e+00
0.000000000000000000e+00
2.522527241394085795e+00
0.000000000000000000e+00
0.000000000000000000e+00
2.461711877305093221e+00
0.000000000000000000e+00
0.000000000000000000e+00
4.803845084945304045e+00
2.382224546539988719e+00
0.000000000000000000e+00
0.000000000000000000e+00
1.161917887404551486e+01
0.000000000000000000e+00
2.285503751912420611e+00
2.266517527003844013e+00
0.000000000000000000e+00
4.457814008658352201e+00
0.000000000000000000e+00
2.191781764554645573e+00
0.000000000000000000e+00
0.000000000000000000e+00
2.137009703258549997e+00
6.356992913677311563e+00
2.101108569403329795e+00
2.083342661920593031e+00
8.262800195443425366e+00
0.000000000000000000e+00
0.000000000000000000e+00
4.027025727472578254e+00
3.992728343322925255e+00
0.000000000000000000e+00
1.962437323117265375e+00
1.945659066793955283e+00
1.929004146378404227e+00
7.649889794708919055e+00
0.000000000000000000e+00
0.000000000000000000e+00
1.863615201415020906e+00
1.847574789025175246e+00
0.000000000000000000e+00
0.000000000000000000e+00
1.800186378532438791e+00
1.784633620566002499e+00
3.538404108691753258e+00
3.507782705773835552e+00
1.738701171094718667e+00
0.000000000000000000e+00
3.417361797945621671e+00
1.693850032960764196e+00
0.000000000000000000e+00
3.329089563618551573e+00
1.650069527215555887e+00
0.000000000000000000e+00
1.621471478207161532e+00
1.607347729958084059e+00
0.000000000000000000e+00
1.579448304543018544e+00
3.131343196204669610e+00
1.552009523701294968e+00
0.000000000000000000e+00
0.000000000000000000e+00
0.000000000000000000e+00
1.498496534388005674e+00
0.000000000000000000e+00
2.944826479819233622e+00
0.000000000000000000e+00
1.446772445396650175e+00
2.868232925760016094e+00
1.421569263220762380e+00
2.818260435157937227e+00
1.396798690663912046e+00
1.384574041090684604e+00
4.117366865186208535e+00
0.000000000000000000e+00
2.697069716845574838e+00
0.000000000000000000e+00
0.000000000000000000e+00
0.000000000000000000e+00
1.301939060847384866e+00
0.000000000000000000e+00
1.279253264992443517e+00
2.536122021737782894e+00
0.000000000000000000e+00
