0.000000000000000000e+00
2.101553233019926470e+00
6.293870433933566488e+00
0.000000000000000000e+00
0.000000000000000000e+00
0.000000000000000000e+00
0.000000000000000000e+00
0.000000000000000000e+00
5.144685439674866529e+02
7.379502385308799148e+02
2.134213144649335391e+03
2.591111764415748439e+03
2.603421778343221831e+03
2.549722077200378408e+03
2.504509020775693898e+03
2.848985369010280920e+03
2.716279338411900881e+03
2.885235370486031115e+03
2.907079701513302098e+03
2.822268321545405797e+03
2.799247791875413895e+03
2.833751458587347770e+03
2.694287611406476117e+03
2.652323501462383774e+03
2.804731085712415279e+03
2.837524134828161095e+03
2.858133020736788694e+03
2.961455655099927753e+03
2.958734096342694102e+03
3.252655834762651011e+03
3.526023498405476403e+03
3.858302750724159978e+03
4.262675700728924312e+03
4.770625729423963094e+03
5.216341496230659686e+03
5.573505940975435806e+03
5.751796370233861126e+03
5.661976899949613653e+03
5.382449139931281934e+03
5.291094865890138863e+03
4.938987260662201152e+03
4.731309288370772265e+03
4.662913759136781664e+03
4.598741044143217550e+03
4.404781675288025326e+03
4.342937120949813107e+03
4.301532042475088929e+03
4.464336159432386921e+03
4.290190003880822587e+03
4.178082720749413056e+03
4.209290034646779532e+03
4.179680218165531187e+03
4.221318440368761003e+03
4.386098224199844481e+03
4.377232376957066663e+03
4.570895174275838144e+03
4.435162657559810214e+03
4.366637095602325644e+03
4.384736370436186917e+03
4.571067227077905955e+03
4.495758718958880308e+03
4.505139737656867510e+03
4.447317743619040812e+03
4.419159031302628136e+03
4.286903329300851510e+03
4.415226307828859717e+03
4.174634454120646296e+03
4.310440770849537330e+03
4.186427903316399352e+03
4.176103023386368477e+03
4.145358769225341348e+03
3.952508647917890812e+03
4.115885960597448502e+03
4.007205401030618305e+03
3.997215687186509058e+03
3.923460224336075044e+03
3.863068626214157575e+03
3.924394638959053282e+03
3.997287095332280842e+03
3.935008289639220493e+03
3.874768155394322093e+03
3.913923733211690433e+03
3.866159629689479516e+03
3.964724189130898594e+03
3.814226099365634127e+03
3.920403383549406499e+03
3.845710233131427685e+03
3.871014715038828854e+03
3.872454499632573970e+03
3.844718874175880501e+03
3.828506383125398315e+03
3.898239401164359606e+03
3.780464179059914841e+03
3.721281938420699589e+03
3.779810917695652279e+03
3.949146863807869522e+03
3.929201053471660543e+03
3.822686297789256514e+03
3.793144552239328277e+03
3.797479210989284638e+03
3.795535288191314066e+03
3.851007815902952643e+03
3.825879533549339612e+03
3.758137013700630177e+03
3.711594372061580998e+03
3.778236914231342780e+03
3.706030766695870170e+03
3.665818183119091827e+03
3.679220658803215429e+03
3.573366483124721981e+03
3.704191206989512466e+03
3.622966956567202942e+03
3.605293171657970561e+03
3.603856989797473489e+03
3.538492901047837677e+03
3.579417955984122273e+03
3.569396217516508386e+03
3.556124226944981729e+03
3.422725638279704981e+03
3.639012051000451720e+03
3.475790695798271827e+03
3.393281582077309849e+03
3.386428821077511202e+03
3.460066028077649662e+03
3.566059778040381389e+03
3.393669708041521062e+03
3.341503614380737417e+03
3.425812330537450634e+03
3.425909588479477861e+03
3.434975194368396387e+03
3.336843006406037148e+03
3.485825172142774136e+03
3.417781315649544922e+03
3.207830182015281935e+03
3.359848925604119813e+03
3.408670160249024775e+03
3.283493983580367058e+03
3.237196267743938279e+03
3.299823702751902601e+03
3.244328660995193786e+03
3.282211481970067780e+03
3.227653795567663565e+03
3.261154635163201874e+03
3.366067439803700836e+03
3.352891316186035965e+03
3.193132766679898850e+03
3.242032642178346578e+03
3.220473345678193709e+03
3.230220118641095723e+03
3.236550239546065313e+03
3.202083747535308248e+03
3.362894650554529107e+03
3.220721389005394030e+03
3.179010066122334592e+03
3.183089250185343644e+03
3.131694284307788166e+03
3.254154022462341800e+03
3.205111844177752118e+03
3.115396877366338686e+03
3.293674541044190391e+03
3.242056041862632810e+03
3.171024132474799899e+03
3.135717489540190854e+03
3.313527585782665028e+03
3.231340777486150728e+03
3.238377311646377166e+03
3.153196380502347438e+03
3.325666574615106583e+03
3.250079587326012643e+03
3.111715259942044213e+03
3.216789481846769831e+03
3.243712181143915586e+03
3.195564243611586789e+03
3.252292057356137775e+03
3.120874542516797646e+03
3.410231220585527808e+03
3.258622912226135213e+03
3.201209909113801132e+03
3.291401444496660133e+03
3.255164422278270195e+03
3.275457094511518790e+03
3.305987790871543439e+03
3.282211064917170461e+03
3.279920449779934188e+03
3.313313368705809808e+03
3.260008561917367842e+03
3.247425771581048593e+03
3.399286949017944153e+03
3.250438201747514540e+03
3.364424584456493449e+03
3.322233222411941370e+03
3.355207964137500767e+03
3.274960122810603934e+03
3.321085203607983203e+03
3.360932349204394995e+03
3.266875084930703451e+03
3.421570998265040544e+03
3.435635022895130987e+03
3.279954590754732180e+03
3.316320284841644025e+03
3.467698878804057131e+03
3.436581161272203644e+03
3.442880360729498534e+03
3.363026286922285635e+03
3.431293332548993931e+03
3.506754629129655768e+03
3.366577557096968121e+03
3.458669739888977347e+03
3.405010451735734932e+03
3.519740627919606140e+03
3.397147501650664708e+03
3.542932286017226033e+03
3.477800120989471452e+03
3.419206485888255429e+03
3.485628882887399868e+03
3.592995778471575250e+03
3.532808993760870180e+03
3.536932363314238501e+03
3.545312584087708728e+03
3.563650816056417625e+03
3.550868138277421167e+03
3.647672981977152631e+03
3.550766966107003100e+03
3.598014596420211092e+03
3.546333883411189163e+03
3.544809904685527272e+03
3.685117157142640281e+03
3.605608375053822783e+03
3.522661066143661174e+03
3.598480065450346046e+03
3.676254793506495389e+03
3.711867214992724712e+03
3.495299954869200064e+03
3.585326755234723350e+03
3.613535420712427367e+03
3.744783665261198621e+03
3.486512703864411833e+03
3.537153718681852752e+03
3.505307805153204754e+03
3.470215438714052652e+03
3.481866282752886036e+03
3.434266872268933184e+03
3.398542105171349249e+03
3.498841495444615248e+03
3.386246259890931469e+03
3.320662634090329902e+03
3.293290309038795840e+03
3.287447042244997647e+03
3.167855300711381915e+03
3.186517292580888807e+03
3.166088820826952542e+03
3.003885996584433997e+03
3.030025073491929106e+03
2.959680303072556399e+03
2.955608602754426556e+03
3.018499798029700287e+03
2.761623414596000202e+03
2.653954997366532552e+03
2.601944200910575546e+03
2.709710818109309002e+03
2.501653591400518962e+03
2.507161050038491794e+03
2.440760377811755461e+03
2.311536019957619374e+03
2.388823135181481575e+03
2.276644682692968217e+03
2.254846109655910823e+03
2.281129219008755172e+03
2.093856145804532844e+03
2.126425647967094392e+03
2.155848553741135674e+03
2.168589391483472809e+03
2.203422471851377395e+03
2.082116889005577377e+03
2.034980403353785505e+03
1.980642574383303781e+03
1.991183612622105329e+03
2.032819998374168790e+03
1.977837852968232710e+03
1.988434677865481490e+03
2.028720547997156928e+03
2.015055977666930630e+03
1.904722490932342225e+03
1.848190388456802566e+03
1.906167688806153592e+03
1.829675076560622074e+03
1.948531352689734376e+03
1.898414889327050332e+03
1.890973738908475525e+03
1.852849869469622035e+03
1.953584415586644582e+03
1.948022761919726463e+03
1.805869094437793819e+03
1.870944702277544820e+03
1.800778937301815631e+03
1.788976273590733399e+03
1.923002691995715850e+03
1.935628097048719837e+03
1.875752700231995732e+03
1.985378336370654324e+03
1.943949760989782817e+03
2.024492079874699812e+03
1.892214167726332562e+03
1.995863739231999261e+03
1.974699303676070258e+03
2.045009409706802899e+03
2.041073992140049768e+03
2.117877348796555907e+03
2.033046025287077555e+03
2.116156589942916071e+03
2.160958760411811909e+03
2.225591352864286364e+03
2.200540388768289176e+03
2.275583538281679466e+03
2.260349176038213500e+03
2.405470886251974662e+03
2.382595510764068877e+03
2.417410486187372044e+03
2.524586167517648391e+03
2.624485391418166273e+03
2.715004101775713025e+03
2.737276304922544568e+03
2.761713547887197365e+03
2.820998959532841127e+03
2.997475520926934678e+03
3.033333430401071837e+03
3.236617220922117667e+03
3.567762050111163262e+03
3.682977044428716908e+03
3.659150813793632551e+03
4.075079921981181542e+03
4.292178875716949733e+03
4.455961587717283692e+03
4.652688896115886564e+03
5.095385002026997427e+03
5.453805037869455191e+03
5.662710310167984971e+03
6.172022235680386984e+03
6.596555602677069146e+03
7.190999746216461062e+03
7.746292522622559773e+03
8.074247216799748458e+03
8.319089180244569434e+03
9.227580337770534243e+03
9.886674909146828213e+03
1.062366249997890736e+04
1.102575218130802386e+04
1.194183560551376831e+04
1.250386983986086852e+04
1.371531058580156969e+04
1.399435006330609031e+04
1.559381025886061434e+04
1.551084013655075614e+04
1.684669063553748856e+04
1.765157455417805249e+04
1.777694574254742838e+04
1.850766235140844947e+04
1.920414355194678137e+04
1.946372478371781108e+04
1.959423656992837277e+04
2.007910963062683004e+04
2.064249585616740660e+04
2.088644015583668443e+04
2.079552806065590266e+04
2.032324374071434431e+04
2.013107249783553561e+04
2.017903159917705489e+04
1.988088433448673459e+04
1.940650488047635008e+04
1.868373963298355375e+04
1.816191316421848023e+04
1.753349005527530971e+04
1.659901495693740799e+04
1.557384220036370425e+04
1.510317265750423940e+04
1.413869075856233940e+04
1.284144827628514031e+04
1.184116880733970720e+04
1.090843919468813328e+04
1.016963219147834570e+04
9.311816902354281410e+03
8.422280651266730274e+03
7.307744509427471712e+03
6.916355384625263468e+03
5.859568602601972088e+03
5.300683547348660795e+03
4.461995344795003803e+03
3.958438679217070785e+03
3.409648970088598617e+03
2.812559170380134219e+03
2.417582220844212770e+03
1.985614678420841528e+03
1.869024316957185192e+03
1.471523513794200426e+03
1.190451281278643137e+03
1.016435342275470134e+03
7.930886847944332203e+02
6.538856541265789701e+02
5.782223277153734671e+02
4.021469554057709956e+02
3.141928494041168847e+02
2.826891098057680551e+02
2.427732239209113345e+02
1.751956708113385730e+02
1.346076182374412156e+02
9.648710653553237648e+01
9.406007460005663745e+01
5.829996764529941089e+01
7.243398983829696647e+01
5.870914951953623273e+01
6.733060771084555540e+01
6.475022190016584034e+01
2.542525818932310600e+01
2.551362011604397040e+01
6.542765745880623740e+01
4.281796003677982299e+01
3.723714996402937061e+01
2.874276944937661327e+01
3.461007347153002911e+01
2.894083421415449919e+01
4.065612008191617832e+01
3.205342790784422391e+01
2.339121118384993281e+01
3.227255381619759333e+01
1.766309469120079712e+01
3.839995753850853788e+01
2.074694702572596228e+01
3.866029577863167077e+01
2.088730425443288752e+01
2.993944406794724955e+01
1.502000014404176831e+01
3.918287358398831799e+01
3.326560205017970873e+01
3.034235078882648295e+01
1.826601141389082628e+01
2.749001250321411405e+01
2.758109935490518083e+01
5.226985309860120310e+01
1.850902495905675949e+01
3.404485779293484171e+01
2.173601988883081049e+01
2.803781783257232618e+01
1.875293384769593530e+01
3.135673064851513558e+01
2.516692066638389136e+01
3.156064750056178170e+01
2.216390249711229288e+01
9.529457728028653207e+00
1.912024105606898416e+01
3.196934306054629360e+01
3.848601624631045581e+01
3.217407707510322012e+01
4.841479633274385463e+01
2.590323109493432341e+01
6.496319648850043649e+00
3.584262687484277166e+01
3.268686012667033225e+01
2.951060141071973320e+01
2.631383559598130972e+01
2.639605560553048846e+01
2.978809148889347824e+01
1.660036077664637943e+01
3.663395247959816459e+01
2.338454409581640547e+01
4.691317970421733463e+01
2.688988641328326779e+01
2.697225658450676988e+01
2.029097974086521106e+01
2.713703351524381446e+01
2.041457705249741750e+01
2.388911457940290362e+01
3.080729129962148249e+01
1.716667194226052118e+01
1.721818231864772031e+01
1.726969169086676814e+01
2.424967831455265710e+01
2.084724285652168874e+01
3.484840239805560458e+01
4.893194324605266843e+01
3.505435921375295294e+01
1.757865675436680064e+01
2.115614910369517432e+01
2.121789708902523230e+01
2.837284085244506215e+01
1.778445695474405852e+01
2.853739841654949316e+01
3.935200620505473523e+01
5.022824919451218051e+01
2.518603852553421518e+01
4.690757683516148546e+01
3.980394854626794654e+01
2.540161534721915615e+01
3.639059171748940003e+01
2.189586900800119196e+01
2.561691279218177186e+01
3.302821233342859131e+01
3.680038495871610849e+01
4.059297158156568486e+01
3.330446502413576582e+01
1.113214862498915636e+01
2.976744186046511587e+01
2.238682796656279805e+01
1.870669652345730682e+01
4.501840772322798045e+01
3.385549644837329453e+01
2.263141605592118211e+01
3.782076344310463867e+01
2.275345594611382083e+01
2.281440866495769271e+01
3.812552534724697750e+01
7.645391526664190529e+00
4.982680256975719146e+01
2.690070589742552798e+01
3.082461329243871262e+01
1.931593420712541942e+01
1.549315349543250164e+01
3.495042999688114094e+01
1.168039472120251254e+01
1.951769810351725454e+01
1.956802556310909935e+01
4.316027371460852180e+01
4.327078679167447461e+01
3.154995930158239048e+01
3.163017749903612241e+01
4.360168549155422113e+01
1.589518799959870599e+01
1.593517719412339062e+01
1.996890685427944589e+01
2.001879052312098395e+01
2.809607073346517581e+01
2.414208073210365058e+01
1.613450078242895103e+01
4.447915461577016316e+01
1.621393187538564007e+01
1.219018642631886706e+01
2.443978162758525841e+01
3.266549813340122199e+01
8.186132749444174905e+00
8.205868355560966165e+00
8.225581188361767104e+00
2.061317772417985239e+01
1.239740685959822208e+01
2.071145372611201196e+01
3.321680679446652107e+01
3.329519357012386394e+01
3.754517147332013849e+01
1.254438106126042030e+01
8.382446074943583625e+00
3.780876339295016209e+01
2.947498620062456354e+01
2.954307155622071335e+01
2.538091856754529374e+01
3.815869648513462664e+01
2.124772477506029134e+01
2.129611208198944539e+01
2.134443751370177722e+01
4.706394186217028874e+01
3.001726261028262499e+01
1.719123228782495616e+01
3.876680903675747203e+01
3.885323217448218003e+01
5.191938896449123320e+01
3.035335127757828388e+01
2.172878819923326077e+01
3.048716659447983446e+01
3.055394039200876222e+01
1.312312484796971646e+01
1.753555379046483509e+01
2.636033454847069635e+01
2.641726110227625668e+01
2.206175847327329365e+01
3.095269516316433212e+01
1.772505008555486228e+01
1.776279378208740667e+01
1.335036401429170283e+01
2.675718702006426497e+01
4.022035120783279183e+01
2.686986920662764433e+01
1.795072802960612179e+01
1.349111790110500131e+01
1.802553352875407455e+01
1.806285688377784382e+01
4.525031783825851761e+01
1.360300811101165053e+01
1.817450778200979400e+01
3.642323578454369226e+01
4.105951723833184275e+01
9.142838466402777087e+00
2.748393831403801002e+01
1.376963999023323559e+01
3.219363015224116253e+01
2.764971848350551653e+01
1.846987649694656142e+01
2.775982860779662786e+01
3.708634632927300601e+01
1.393480391153492626e+01
1.861624831950874537e+01
3.264222889745348510e+01
4.672275002254915321e+00
2.340680173682562426e+01
2.814258911819878861e+01
3.759590754573770255e+01
2.825118622848032501e+01
2.358779610245017366e+01
5.199230192772534309e+01
2.841343195168406410e+01
1.897822556831134477e+01
3.802820801262304684e+01
9.524961428594036050e+00
3.817136335273823988e+01
1.434103499894930778e+01
3.352478034013067543e+01
1.919259318343283027e+01
1.442108025419035044e+01
5.297478518314333229e+01
1.447420974922384573e+01
1.450070298937887792e+01
9.684765289216931805e+00
2.910708817926500913e+01
1.457989094330869229e+01
1.460618796021657317e+01
3.414234736262442027e+01
4.397589070769746655e+01
1.468477431433204572e+01
3.922897651762440319e+01
3.929841393577785880e+01
1.968385431424660936e+01
2.957764404794471957e+01
3.456762951913889026e+01
2.968103801550378051e+01
1.486628317189651938e+01
2.481998341767575411e+01
9.945092538795181625e+00
1.494322857982178476e+01
1.496875847086243105e+01
9.996151704164416785e+00
2.503272479970108222e+01
5.014993151231524671e+00
2.009368034345146015e+01
4.528642871453570962e+01
1.512062630843821154e+01
1.514570934697857751e+01
2.022763226318548035e+01
2.026089289009612315e+01
5.073514843027167487e+00
1.524534751645575348e+01
1.527007732655408923e+01
2.549122102981375093e+01
2.042574934660949637e+01
1.022920938838712601e+01
5.122745791744364396e+00
2.565430064396326060e+01
2.055578876373812136e+01
2.058802579861318094e+01
2.577518681049623694e+01
1.032607874173849005e+01
3.102607142273201291e+01
1.035790874738490608e+01
3.630806324746212965e+01
3.636322689679986553e+01
1.560778591278713634e+01
5.210411343085026736e+00
1.043638830133391515e+01
3.135565827235961933e+01
1.046731465834026942e+01
2.620668143609970002e+01
1.574693756363422459e+01
2.102634112956780754e+01
2.632076902361794168e+01
2.108673588541650901e+01
3.167504988655407061e+01
1.057325202977051859e+01
0.000000000000000000e+00
1.590421436402997379e+01
1.061746159656232713e+01
2.658006687067188878e+01
2.129300641803664718e+01
1.599133367829571206e+01
2.135036515942592317e+01
2.672345413755081012e+01
3.211045310846268563e+01
2.679372177194661830e+01
5.365696309621064586e+00
2.686298501912630954e+01
1.613833611142403512e+01
1.077248064602136068e+01
3.235788452839255314e+01
3.239799323215131466e+01
1.621888058280056910e+01
2.165145421494993627e+01
0.000000000000000000e+00
1.627747483259827632e+01
0.000000000000000000e+00
2.719269978452379632e+01
1.633440579974072548e+01
1.090199701525044063e+01
1.637138510275224590e+01
1.092638035972321298e+01
2.187673036155011275e+01
1.642531267288451957e+01
5.480953685941381792e+01
2.194691823577973366e+01
2.746215203115092507e+01
1.099610954017776088e+01
2.201440468901252245e+01
2.754534056991739632e+01
5.514454076168971319e+00
3.311854511666546586e+01
1.657493065296180390e+01
4.424088473064605154e+01
1.107031408238472991e+01
2.770057307492656662e+01
3.326989004608175549e+01
5.549756561682812617e+00
1.666331280118884095e+01
5.559023095134738135e+00
1.112702266410879481e+01
1.670370173731163277e+01
1.114437817265020136e+01
1.672912525852909482e+01
2.232182717548542072e+01
5.584432407741457105e+00
1.117660021923338753e+01
5.592058065227034191e+00
1.119140884925232982e+01
1.119847464526994330e+01
1.120530975861682599e+01
1.681786560126928975e+01
3.365481826792135678e+01
2.244878596309204610e+01
5.615133604874714912e+00
1.685383732285172087e+01
0.000000000000000000e+00
1.686956231437495290e+01
2.812806492785991708e+01
2.251162278271962336e+01
1.126012714287860028e+01
2.816042303854218076e+01
2.253586716783671307e+01
1.690712431513873781e+01
2.818653261001401944e+01
1.127752002571761381e+01
1.128013308696952954e+01
1.692367222937867055e+01
2.821115285981571574e+01
1.128616797738557587e+01
1.693134685441493303e+01
1.693297025663865440e+01
3.386823210545234275e+01
1.693477812993022269e+01
0.000000000000000000e+00
0.000000000000000000e+00
0.000000000000000000e+00
5.644155808531961860e+00
1.693061969323649762e+01
5.642750632380674425e+00
2.256714408843853548e+01
1.128128817588637389e+01
2.819661431720757250e+01
5.637820395941831819e+00
1.127226949561576497e+01
1.126852799538552041e+01
1.126441248364712600e+01
5.629959595300285891e+00
2.251008877363762295e+01
2.812446096476806900e+01
1.124413554719179942e+01
1.123809427842786413e+01
1.123165703853629260e+01
3.367446102107731321e+01
1.682637113015393737e+01
5.604967453397535770e+00
1.680281923764151486e+01
1.679011689715563804e+01
1.118452705020015792e+01
2.235044748640693157e+01
1.116549831254397596e+01
3.346604341030840857e+01
1.671715401057383232e+01
2.226752026000798068e+01
2.224463492772471085e+01
1.111043872127710230e+01
2.774530343029691437e+01
5.542681489796435379e+00
2.768040300749495231e+01
1.658777070069498549e+01
5.522209315827462994e+00
2.205974732090770729e+01
2.202975391519771975e+01
1.649914005493752356e+01
2.196704237951847816e+01
1.645073823565891402e+01
1.642550719367553569e+01
2.186611549801910570e+01
2.728829112114844335e+01
2.179422623314767549e+01
0.000000000000000000e+00
2.171863309815193332e+01
1.625958259797378602e+01
4.327864689890224525e+01
5.399568034557240992e+00
4.311257777372210143e+01
1.075668666421904796e+01
3.220428806397369925e+01
2.678093153210195965e+01
2.137903335992577780e+01
4.266478110032954163e+01
2.660602232444453108e+01
5.309079161354451770e+01
2.118688856147067057e+01
3.170480333979445930e+01
2.635657486622669765e+01
2.629133014379385358e+01
1.573496331256010272e+01
2.615740494976303765e+01
1.565323965833568032e+01
3.122271241508398276e+01
5.189598558904068071e+00
1.552556135488924305e+01
5.160552253619371754e+00
1.029139042859505260e+01
2.565308663052138627e+01
1.023063998189930501e+01
1.529941405982065206e+01
5.084072966372622737e+00
1.013625291732776468e+01
1.515590059965550829e+01
5.035595967230277026e+00
0.000000000000000000e+00
1.500668316814351755e+01
9.970468593703127880e+00
9.936074801872168294e+00
4.950639172590859616e+00
9.866083638100187514e+00
4.915247616190990598e+00
9.794517815013760398e+00
1.951631241208229994e+01
4.860707678140965271e+00
1.936860068984777428e+01
0.000000000000000000e+00
0.000000000000000000e+00
4.785381502608917259e+00
9.532204616631025473e+00
9.493299296347238680e+00
0.000000000000000000e+00
4.707235570678690806e+00
4.687280107684805408e+00
0.000000000000000000e+00
0.000000000000000000e+00
0.000000000000000000e+00
0.000000000000000000e+00
4.585142171631489738e+00
9.128529666506546292e+00
4.543245237897980182e+00
0.000000000000000000e+00
0.000000000000000000e+00
0.000000000000000000e+00
0.000000000000000000e+00
0.000000000000000000e+00
0.000000000000000000e+00
0.000000000000000000e+00
0.000000000000000000e+00
4.348233403886614390e+00
0.000000000000000000e+00
4.303626233778953036e+00
4.281170947039123043e+00
8.517238833719000368e+00
4.235975327779410549e+00
8.426484749851400835e+00
0.000000000000000000e+00
1.250257409767743155e+01
4.144547401431596612e+00
0.000000000000000000e+00
0.000000000000000000e+00
0.000000000000000000e+00
0.000000000000000000e+00
0.000000000000000000e+00
4.005259284804263409e+00
0.000000000000000000e+00
0.000000000000000000e+00
0.000000000000000000e+00
0.000000000000000000e+00
0.000000000000000000e+00
0.000000000000000000e+00
3.840455103870488163e+00
0.000000000000000000e+00
0.000000000000000000e+00
3.769357555697687712e+00
0.000000000000000000e+00
0.000000000000000000e+00
7.396236556311561294e+00
3.674356522985047668e+00
7.301185554136805145e+00
0.000000000000000000e+00
3.603072702103327529e+00
0.000000000000000000e+00
3.555584482572177851e+00
0.000000000000000000e+00
0.000000000000000000e+00
3.484468248566273019e+00
0.000000000000000000e+00
3.437171371782301144e+00
3.413566268333982023e+00
0.000000000000000000e+00
0.000000000000000000e+00
3.342959736731816456e+00
3.319503401978855184e+00
0.000000000000000000e+00
3.272726261465821462e+00
0.000000000000000000e+00
3.226147824883908388e+00
3.202939689248260002e+00
0.000000000000000000e+00
3.156698292181301380e+00
0.000000000000000000e+00
0.000000000000000000e+00
3.087810016231338661e+00
0.000000000000000000e+00
6.084455393500321385e+00
3.019546216320661891e+00
0.000000000000000000e+00
2.974413303086084870e+00
2.951965992132662198e+00
0.000000000000000000e+00
2.907319581585438684e+00
2.885124296310696224e+00
0.000000000000000000e+00
2.840998718347819807e+00
2.819071933977069566e+00
0.000000000000000000e+00
2.775498765628207298e+00
0.000000000000000000e+00
0.000000000000000000e+00
2.710863681807643477e+00
0.000000000000000000e+00
0.000000000000000000e+00
0.000000000000000000e+00
2.626097358427972761e+00
0.000000000000000000e+00
0.000000000000000000e+00
0.000000000000000000e+00
0.000000000000000000e+00
0.000000000000000000e+00
0.000000000000000000e+00
0.000000000000000000e+00
0.000000000000000000e+00
2.441666974571123472e+00
0.000000000000000000e+00
2.401922542472652022e+00
0.000000000000000000e+00
0.000000000000000000e+00
2.343180518638060761e+00
2.323835774809102972e+00
2.304610003868495571e+00
0.000000000000000000e+00
0.000000000000000000e+00
0.000000000000000000e+00
2.228907004329176100e+00
2.210283538409616000e+00
0.000000000000000000e+00
2.173402010518561855e+00
0.000000000000000000e+00
2.137009703258549997e+00
0.000000000000000000e+00
0.000000000000000000e+00
0.000000000000000000e+00
0.000000000000000000e+00
0.000000000000000000e+00
0.000000000000000000e+00
0.000000000000000000e+00
1.996364171661462628e+00
0.000000000000000000e+00
3.924874646234530751e+00
1.945659066793955283e+00
0.000000000000000000e+00
0.000000000000000000e+00
0.000000000000000000e+00
0.000000000000000000e+00
0.000000000000000000e+00
0.000000000000000000e+00
1.831656683649303785e+00
0.000000000000000000e+00
0.000000000000000000e+00
0.000000000000000000e+00
1.769202054345876629e+00
0.000000000000000000e+00
1.738701171094718667e+00
0.000000000000000000e+00
1.708680898972810835e+00
0.000000000000000000e+00
0.000000000000000000e+00
0.000000000000000000e+00
0.000000000000000000e+00
0.000000000000000000e+00
0.000000000000000000e+00
0.000000000000000000e+00
0.000000000000000000e+00
0.000000000000000000e+00
0.000000000000000000e+00
0.000000000000000000e+00
1.538461538461538325e+00
0.000000000000000000e+00
0.000000000000000000e+00
0.000000000000000000e+00
0.000000000000000000e+00
0.000000000000000000e+00
0.000000000000000000e+00
2.893544890793300350e+00
0.000000000000000000e+00
0.000000000000000000e+00
0.000000000000000000e+00
1.396798690663912046e+00
0.000000000000000000e+00
0.000000000000000000e+00
0.000000000000000000e+00
1.348534858422787419e+00
0.000000000000000000e+00
0.000000000000000000e+00
0.000000000000000000e+00
1.301939060847384866e+00
1.290545720163241761e+00
0.000000000000000000e+00
0.000000000000000000e+00
0.000000000000000000e+00
