0.000000000000000000e+00
2.101553233019926470e+00
3.146935216966783244e+00
0.000000000000000000e+00
0.000000000000000000e+00
0.000000000000000000e+00
0.000000000000000000e+00
1.040806823454192953e+00
1.216016558468604956e+02
1.536098949403238123e+02
4.602188616922317124e+02
5.144956240170303090e+02
5.138604542639321835e+02
5.473279469081411435e+02
5.374172981153775481e+02
5.801008183554387188e+02
5.712523807573342083e+02
6.457333616055692573e+02
6.379139557030956666e+02
6.598976475467984528e+02
6.275236808160268538e+02
6.710438197305542189e+02
6.336489481233315928e+02
6.372531976132145246e+02
6.439433615156054884e+02
7.354274215537350301e+02
7.747582009782938712e+02
8.181493060248508300e+02
9.002626488871808306e+02
9.772233538650946230e+02
1.071454858556487807e+03
1.218572135255097237e+03
1.366620545733813742e+03
1.503408278910153058e+03
1.612693491817120275e+03
1.793117723852027893e+03
1.883052769265608276e+03
1.892744117101404981e+03
1.891322947452735889e+03
1.845282029044603405e+03
1.789164381843502952e+03
1.656973553352167301e+03
1.580700353358582333e+03
1.621233873619584301e+03
1.531877286934692165e+03
1.501450210819255062e+03
1.519800204764033197e+03
1.574752190875513406e+03
1.493696922061228406e+03
1.497975695941999220e+03
1.468782188730512189e+03
1.555442492467532247e+03
1.620848077127629494e+03
1.583671154879109736e+03
1.715305695685614637e+03
1.742310510354808912e+03
1.637113263595717854e+03
1.698815224373026012e+03
1.687298691549642626e+03
1.694157521424238439e+03
1.685782117696211117e+03
1.679485094595033843e+03
1.733423456391087484e+03
1.773176077009162782e+03
1.751736766678808635e+03
1.757914178117046049e+03
1.762100726224859045e+03
1.746895155707540653e+03
1.715329436901900408e+03
1.641746513733733082e+03
1.744496602289041448e+03
1.781759286623074331e+03
1.731815255694359166e+03
1.788747408361538191e+03
1.699716940857686723e+03
1.747535958188535233e+03
1.739823863673825599e+03
1.737297731863051013e+03
1.857690386076665618e+03
1.853288642848206564e+03
1.848921413535288139e+03
1.934694240179792814e+03
1.971959135336387817e+03
1.924240483415886501e+03
1.998026910672872418e+03
2.064738847531327337e+03
2.023345513938360000e+03
2.225859525076191858e+03
2.217006295746519299e+03
2.338809687525311347e+03
2.469329069192659063e+03
2.477650143443619982e+03
2.540589412231718597e+03
2.553326670138504596e+03
2.608216771253538354e+03
2.773880757138647823e+03
2.694339423408505809e+03
2.672712436382488704e+03
2.560134642032732700e+03
2.608251895333688481e+03
2.392491648549764250e+03
2.375814805343327407e+03
2.204906386724431741e+03
2.085723433340655902e+03
1.792319213872795899e+03
1.646567614488263189e+03
1.587075838004613161e+03
1.448105369998214428e+03
1.391383126293833357e+03
1.236645036290529561e+03
1.168667478797214699e+03
1.164139769546161915e+03
1.039655884632783909e+03
9.245100238170748526e+02
8.491081647319817876e+02
8.321196219374317025e+02
8.096435322659397116e+02
7.620266200596389581e+02
7.197116131545390090e+02
7.527481332195764026e+02
6.861699702206617530e+02
6.512025819326358942e+02
6.513209428453172904e+02
6.933359450974328411e+02
6.604223435330281973e+02
5.930899783209179077e+02
5.986768254033172525e+02
6.376187670974372850e+02
5.810022109117243190e+02
5.721241151659049820e+02
5.777454234132354713e+02
5.721993777593825143e+02
5.509292928377959697e+02
5.453198872335829037e+02
5.689885001442255543e+02
4.911465782405849154e+02
5.306542654373508867e+02
4.852959728877077623e+02
5.158815292869710447e+02
4.714468464907020575e+02
5.261124802462452408e+02
4.689362353588738870e+02
4.951911431952559042e+02
5.250146143311574178e+02
4.697732338612302669e+02
5.100703588263517076e+02
5.008205972398230301e+02
5.077636160572530457e+02
4.589701247709469953e+02
4.542118004400739437e+02
4.786198820595976713e+02
4.785747780364657729e+02
4.914356380164821303e+02
4.926054799205836616e+02
4.301471959709923567e+02
4.973380964517460825e+02
4.417028567607181913e+02
4.475285797240787247e+02
4.724264936265990968e+02
4.926793138179103835e+02
4.544379549641462859e+02
4.879420876813774726e+02
4.434954977540553500e+02
5.157053842599930249e+02
4.662794542465996983e+02
4.953239792308781944e+02
4.625983138126277936e+02
4.406629941473896679e+02
4.637740304858748459e+02
4.392865821152944932e+02
4.171275453195659111e+02
4.538982915593875305e+02
4.476996605291416245e+02
4.550735654399462646e+02
4.872879202261030400e+02
4.587587752081880126e+02
4.487774477434616074e+02
4.574942704942019418e+02
4.436999662421239918e+02
4.511984662540151021e+02
4.587404318592507479e+02
4.385236098747804476e+02
4.764908727447320871e+02
4.155497818977289626e+02
4.230846301578188218e+02
4.051049447776580337e+02
4.408502231349174281e+02
4.318186823705215147e+02
3.570068921031171385e+02
4.394561501018854415e+02
4.160892955108205342e+02
5.004862712874613635e+02
4.067625630242470152e+02
4.210194628195947644e+02
4.091341759468479040e+02
3.998107994440152879e+02
3.548198143921727024e+02
3.677730213187702475e+02
3.980527415964480724e+02
4.191977888142528172e+02
4.111051788574478678e+02
3.842223581165260384e+02
4.028331155299725879e+02
4.080884921655797370e+02
3.890600314071299977e+02
4.200517523300592302e+02
4.063813845668120734e+02
4.376164708334101761e+02
4.129771712546955769e+02
4.307087128475278064e+02
3.907613975167229228e+02
4.623616345211416956e+02
4.098044728554472727e+02
4.569126457584224568e+02
3.663950424457977988e+02
4.164576981659001831e+02
4.135629576029590453e+02
4.134624710991595293e+02
4.063072121835496091e+02
4.231658435269534948e+02
4.344524791335029477e+02
4.386892926391890342e+02
4.243773798526277687e+02
4.443763047371575112e+02
4.515607621212949425e+02
4.126233751485798962e+02
4.863312509033492574e+02
4.922679174962730144e+02
5.011560821974438795e+02
4.881772306500469654e+02
4.883098708566665209e+02
4.707877561623748761e+02
4.664336088423425508e+02
4.887062491645843352e+02
5.155825620835576046e+02
5.664879748404680413e+02
5.249961214313207165e+02
4.787238168262668978e+02
4.773121023340059992e+02
5.922178719964774700e+02
5.199304026923116453e+02
5.520987044435884172e+02
5.432783966955546475e+02
5.925827828170968132e+02
5.515709652000200549e+02
5.657767812029485412e+02
5.661551212344759278e+02
6.379323580560405844e+02
6.074058836172266638e+02
5.891697004919053597e+02
6.068728943338437603e+02
5.727682046918459946e+02
5.731626376641846718e+02
7.161539063109183871e+02
7.297602736225292119e+02
6.397560354174999020e+02
7.124187939102724840e+02
6.650952596305959332e+02
6.932069432413553614e+02
6.972449926000670075e+02
7.662430208572648098e+02
7.249426038122994669e+02
7.569136335745764654e+02
7.480911462744318214e+02
7.852988528473927090e+02
8.326770102157154270e+02
9.069123691042523205e+02
8.751815967896463917e+02
8.332011297898419571e+02
9.149159998345417080e+02
9.837530451938880560e+02
1.014258540296939486e+03
9.501306738728844721e+02
1.007914543004332472e+03
1.057575733511606813e+03
1.083618625397261212e+03
1.118430139617765690e+03
1.141413773472179628e+03
1.148980170053286656e+03
1.116649343115724605e+03
1.103247514503608500e+03
1.138716529046156211e+03
1.109478907160590097e+03
1.120542504345592533e+03
1.133444794549855715e+03
1.146430746322174400e+03
1.129222008779973976e+03
1.136903832026369173e+03
1.010074207785077533e+03
1.010154302014050472e+03
1.104199887070712066e+03
1.059260049312030105e+03
9.593679564200779168e+02
8.952762735507783418e+02
8.912205331249310802e+02
9.073717107821312311e+02
8.127965268761911375e+02
7.916793078925319378e+02
7.275985176495142923e+02
6.443607959058097094e+02
6.842253257100005612e+02
7.017988343803558564e+02
6.042999338048167601e+02
6.596016915980396789e+02
5.612103030678620144e+02
5.460996182783806034e+02
5.672844147168589188e+02
4.847457692068410893e+02
5.019866729103895295e+02
5.057846794643783142e+02
5.212753805493839536e+02
4.314523587570239442e+02
4.310942880935205608e+02
5.034999012965513430e+02
4.264064821172524944e+02
4.616760432427595333e+02
4.355495967089574947e+02
4.152117102617451110e+02
4.688517168247061591e+02
4.183087826934701638e+02
4.642757943556981672e+02
5.085539248967866115e+02
4.596077038457339086e+02
4.511148842668291650e+02
4.507481986356292509e+02
4.832768516232216598e+02
4.850797493091183696e+02
4.889615817806239875e+02
4.304778363617980403e+02
4.425213762260411272e+02
4.211265112175925651e+02
4.332135464956843407e+02
3.841710132470609551e+02
3.792492315139999164e+02
3.593990256020712195e+02
3.351261804091993781e+02
3.985108277303235695e+02
3.182784985647028861e+02
2.978811103303127084e+02
3.444920035096165520e+02
3.109825465286429562e+02
2.881320985719294185e+02
2.738704628734715243e+02
2.814895813237912989e+02
2.715027938881580667e+02
2.592217961412997056e+02
2.557405205426427415e+02
2.165155240625860529e+02
2.285244084690572492e+02
2.136341212741677396e+02
1.850865653534031310e+02
2.424143102859342775e+02
2.205763807719430076e+02
1.803127706553938197e+02
2.107650693036185316e+02
1.885538159214706013e+02
1.915620370578502616e+02
1.459422248217909726e+02
1.813607135503511074e+02
1.633630967002127363e+02
1.264899580090817466e+02
1.410648919555859209e+02
1.250685039271657786e+02
1.207940696006208583e+02
9.271335897623808364e+01
9.782789764267594990e+01
1.149529452599689705e+02
1.538358841019406498e+02
1.254522941055159322e+02
1.259142639858922621e+02
1.069348560451777246e+02
9.513162383913982012e+01
1.175151501376099787e+02
7.125929690920597182e+01
9.371661675133263714e+01
8.663413455001433761e+01
1.043414253441624737e+02
6.981527197420757602e+01
5.255270086911006899e+01
5.274444949889979739e+01
4.537431083984219526e+01
6.071935585172769834e+01
5.840101588493114804e+01
9.429076979776519352e+01
6.394116764078974313e+01
5.390525641371519328e+01
4.379556631727197669e+01
3.361182418668969518e+01
4.930238236809997687e+01
3.385487890272383993e+01
3.920403601368992952e+01
2.885305345129360433e+01
5.001614369322044240e+01
5.547934253084059719e+01
2.121071325218072445e+01
3.991238255008390468e+01
2.670332272035128796e+01
4.823746628802631875e+01
4.303049880672547545e+01
5.128048424637347580e+01
4.604550379198265375e+01
2.989980969099469732e+01
5.182799162356533884e+01
4.379891770283464325e+01
4.944769649538657319e+01
3.859484261421295059e+01
3.596414617060989372e+01
3.886664509686627156e+01
5.293253103567855788e+01
3.634375922637957501e+01
4.208162981927846857e+01
2.252181631310116217e+01
3.672537294013337572e+01
4.535754687296706322e+01
4.267021138617798925e+01
4.281796003677982299e+01
3.150835766187100973e+01
2.586849250443895443e+01
3.172590068223586002e+01
3.762308447840084824e+01
2.904008577279726921e+01
5.245106384919964171e+01
2.923901397981241601e+01
4.694189645992377535e+01
3.827003849760173182e+01
1.772305732546547929e+01
5.334929235186676522e+01
4.758190249677743822e+01
3.580680729331351841e+01
3.892127728833142442e+01
5.106800048974201189e+01
3.616880638521998037e+01
3.628974769110514131e+01
3.034235078882647940e+01
3.957635806343012774e+01
2.443556666952365575e+01
4.290393232985250194e+01
3.074697241094188627e+01
4.010288741128965029e+01
3.094987072084985869e+01
4.968233117447041991e+01
4.361438329511250345e+01
1.875293384769593530e+01
1.254269225940605281e+01
5.662557149936375822e+01
2.524851800044942252e+01
4.749407677952633833e+01
4.129431682145749960e+01
4.142718895481613117e+01
1.598467153027314680e+01
3.207168020525871555e+01
4.826111561265483374e+01
2.904887779964631278e+01
2.590323109493432341e+01
5.197055719080034919e+01
3.910104749982847494e+01
4.249291816467142979e+01
2.295268998611534528e+01
4.933844174246495839e+01
3.629457645760442119e+01
3.640766737531424724e+01
2.988064939796348085e+01
4.995538974490659712e+01
4.008778987854240938e+01
4.691317970421734174e+01
4.369606542158530971e+01
1.348612829225338494e+01
3.720012952491955360e+01
4.070555027286572169e+01
4.082915410499483500e+01
3.754003719620456536e+01
6.161458259924296499e+01
5.493335021523366635e+01
3.099272817356589727e+01
4.490119839625359077e+01
3.464239759221808157e+01
4.516902618913032796e+01
3.136356215825004412e+01
3.145624922960528380e+01
3.505435921375295294e+01
4.218877621048032012e+01
5.289037275923793402e+01
5.304474272256308609e+01
2.482623574588943072e+01
2.489823973664168477e+01
2.853739841654949316e+01
2.504218576685300945e+01
2.870185668257838785e+01
2.878404402918195970e+01
5.051585197632775248e+01
3.980394854626794654e+01
3.265921973213891505e+01
5.822494674798304004e+01
4.014242651466885548e+01
3.659558970311681492e+01
3.302821233342859131e+01
2.208023097522966438e+01
4.797351186912308663e+01
3.700496113792863184e+01
2.968572966663774793e+01
5.209302325581395365e+01
4.477365593312559611e+01
5.612008957037191692e+01
4.501840772322798045e+01
5.642582741395548851e+01
2.640331873190804401e+01
3.403868709879417764e+01
4.171466923454200781e+01
4.182641588575576463e+01
6.862594562504456519e+01
4.969504492331724066e+01
7.665661933808797812e+01
4.227253783881154447e+01
3.467768995399354992e+01
3.863186841425084594e+01
4.647946048629750493e+01
7.766762221529143062e+01
4.282811397774254658e+01
2.342123772422070616e+01
3.522244601359638239e+01
5.493125745495630241e+01
3.146966312121779907e+01
3.943744912697798810e+01
3.163017749903612241e+01
3.171031672113034006e+01
3.576417299909709158e+01
3.187035438824678124e+01
3.195025096684711130e+01
3.603382294161777111e+01
2.408234634297015475e+01
3.621312109815547586e+01
4.436987715167960999e+01
4.852271412629472991e+01
4.458831265731051019e+01
4.063395475439622828e+01
3.665967244137788583e+01
6.533099626680242977e+01
3.274453099777669252e+01
5.744107848892676316e+01
6.169185891271325772e+01
2.473581326901582500e+01
4.958962743839288834e+01
4.970748894266883156e+01
8.304201698616630267e+01
4.994279035518579235e+01
3.754517147332013849e+01
4.181460353753473669e+01
3.772100733724612098e+01
3.780876339295016209e+01
3.368569851499950119e+01
5.064526552494979228e+01
3.384122475672705832e+01
4.663840681516454367e+01
2.124772477506029134e+01
4.685144658037677345e+01
6.403331254110533166e+01
6.845664270861132650e+01
3.859362335607765715e+01
6.016931300738734478e+01
4.307423226306385544e+01
3.453620637731749099e+01
5.191938896449123320e+01
5.203431647584849173e+01
4.345757639846651443e+01
4.355309513497118701e+01
2.618909176457894006e+01
4.374374949323238582e+01
4.822277292377830094e+01
4.832728000552960879e+01
3.522301480303500654e+01
4.853586864120124744e+01
2.653088156842656886e+01
3.988136269249844190e+01
3.108488911865295989e+01
6.230169873336127750e+01
2.675718702006426497e+01
4.022035120783279183e+01
4.478311534437941077e+01
4.936450208141683760e+01
5.396447160442001234e+01
5.407660058626221655e+01
2.257857110472230389e+01
5.882541318973606792e+01
1.813734414801553285e+01
4.997989640052693971e+01
3.642323578454369226e+01
4.105951723833184275e+01
4.114277309881249778e+01
5.038722024240302488e+01
5.507855996093294237e+01
4.139181019573863551e+01
2.764971848350551653e+01
4.617469124236639999e+01
6.014629531689269015e+01
4.635793291159125573e+01
6.967401955767464017e+01
1.396218623963155991e+01
6.062128223812789685e+01
5.606730002705899096e+01
4.681360347365124852e+01
2.814258911819878861e+01
1.879795377286885127e+01
2.354265519040027144e+01
4.245803298441030904e+01
4.253915612268437485e+01
1.894228796778937607e+01
7.116834588116753935e+01
1.901410400631152342e+01
4.286232642867315690e+01
3.817136335273823988e+01
4.780344999649769022e+01
1.915701733721752831e+01
3.838518636686566055e+01
3.364918725977748437e+01
4.334300605893545111e+01
2.412368291537307385e+01
5.316924429438921607e+01
3.873906115686772722e+01
3.880945090568668121e+01
6.317952742100433028e+01
2.921237592043314635e+01
5.852973833592757558e+01
3.420347055043136208e+01
2.936954862866409144e+01
4.413259858232745358e+01
2.947381045183339765e+01
2.460481789280825993e+01
3.450725138926883773e+01
4.938232788448412691e+01
4.946839669250630322e+01
1.486628317189651938e+01
3.971197346828120800e+01
2.486273134698795317e+01
5.479183812601321080e+01
4.490627541258729138e+01
3.498653096457545786e+01
1.501963487982064827e+01
5.014993151231524848e+01
2.511710042931432696e+01
6.038190495271427238e+01
3.024125261687642308e+01
3.533998847628335227e+01
3.034144839477821876e+01
3.545656255766821374e+01
3.551460390119017063e+01
3.049069503291151051e+01
5.599028353069832775e+01
3.568770944173925130e+01
2.553218668326186958e+01
2.045841877677425202e+01
5.635020370918800836e+01
4.617774115913386623e+01
1.027789438186906068e+01
3.602904514757306487e+01
3.093022417259548362e+01
3.614127559608471074e+01
1.551303571136600645e+01
3.107372624215472001e+01
2.074746471283550164e+01
2.077898679817135275e+01
7.283633425967329345e+01
5.731452477393529676e+01
3.130916490400174723e+01
3.658160131775288448e+01
5.233657329170134886e+01
3.144801772331964074e+01
3.674285431514652345e+01
1.576975584717585477e+01
3.158492282834153286e+01
3.690178779947889609e+01
4.223339984873876318e+01
2.643313007442629470e+01
2.117614494253447788e+01
1.590421436402997379e+01
4.246984638624930142e+01
3.721209361894064216e+01
4.790926444058245437e+01
1.066088911886380863e+01
1.067518257971296158e+01
4.275752662008129334e+01
2.675871092371890470e+01
3.751121048072526776e+01
4.292557047696851669e+01
3.223558202295156860e+01
1.613833611142403868e+01
3.231744193806407850e+01
0.000000000000000000e+00
2.159866215476754192e+01
2.703146763800094732e+01
2.706431776868742034e+01
3.793562100211848787e+01
2.712912472099712602e+01
5.432213870259350763e+00
3.806977969833332054e+01
3.266881159948145097e+01
5.450998507625220668e+01
2.182851347033632905e+01
2.731595089930803155e+01
2.734591295193763827e+01
3.285062534576903914e+01
5.480953685941382325e+00
1.646018867683480025e+01
4.393944324984147443e+01
1.649416431026664043e+01
1.100720234450626123e+01
2.754534056991739632e+01
1.654336222850691485e+01
3.311854511666546586e+01
3.867483819024420200e+01
3.318066354798453688e+01
1.107031408238472991e+01
1.108022922997062665e+01
5.544981674346959721e+01
1.664926968504843785e+01
1.666331280118884450e+01
1.111804619026947627e+01
1.669053399616318956e+01
2.227160231641551036e+01
1.671656725897530293e+01
5.576375086176365237e+00
2.232182717548542072e+01
1.675329722322437220e+01
2.794150054808346795e+01
4.473646452181627353e+01
2.797852212313082632e+01
3.359542393580983344e+01
2.801327439654206586e+01
2.802977600211548292e+01
2.804568188993446398e+01
3.367317894463806738e+01
2.246053441949885965e+01
2.808972887141953834e+01
1.124126208298823393e+01
1.686956231437495290e+01
2.250245194228793366e+01
2.251162278271962336e+01
5.067057214295370215e+01
2.252833843083374532e+01
1.690190037587753480e+01
1.690712431513873781e+01
4.509845217602243395e+01
2.255504005143522761e+01
3.384039926090858330e+01
1.692367222937866700e+01
3.385338343177885889e+01
2.821541994346393523e+01
1.128756456960995536e+01
2.257729367551820587e+01
5.080234815817851768e+01
2.822463021655036641e+01
1.693495038588752521e+01
2.822437788632461775e+01
2.822300182609441066e+01
2.257662323412784744e+01
1.693061969323650118e+01
2.257100252952269770e+01
3.385071613265780144e+01
1.692193226382956084e+01
1.691796859032454137e+01
3.382692237565099447e+01
1.690840424342364656e+01
1.126852799538552041e+01
1.126441248364712600e+01
3.377975757180171712e+01
3.376513316045643620e+01
1.124978438590722796e+01
3.935447441517129619e+01
2.809523569606965765e+01
2.246331407707258521e+01
1.122482034035910381e+01
2.804395188358989799e+01
5.604967453397535770e+00
3.920657822116353941e+01
1.119341126477042359e+01
1.677679057530023599e+01
2.793805935800866536e+01
3.349649493763192964e+01
2.231069560687227238e+01
4.457907736153021716e+01
3.896816045501396530e+01
2.780579365965589034e+01
4.444175488510840921e+01
5.549060686059382519e+00
1.662804446938930525e+01
2.768040300749495231e+01
4.423405520185329465e+01
3.313325589496477619e+01
1.102987366045385365e+01
3.304463087279658140e+01
2.199885340658336474e+01
1.098352118975923908e+01
3.290147647131783515e+01
5.475169064558511600e+00
5.466528874504776780e+01
3.820360756960781856e+01
4.358845246629535097e+01
3.263534030638565753e+01
2.714829137268991488e+01
6.503833039189514409e+01
5.950813948599058278e+01
6.479481641468689190e+01
3.772350555200684141e+01
4.302674665687619182e+01
3.757166940796931698e+01
3.213711783852235726e+01
3.206855003988866315e+01
2.666548818770596085e+01
5.321204464888906216e+01
4.778171245219006380e+01
5.826394354404434495e+01
6.340960667958891861e+01
5.271314973245338820e+01
4.206612823007016289e+01
2.622493885426683491e+01
3.138888593971564234e+01
5.217746552778559987e+01
5.724163942765396484e+01
3.113759135342440842e+01
5.692705830126055844e+01
4.128441802895497403e+01
3.601986650008268498e+01
7.182864256545987303e+01
2.557659995474826076e+01
3.569863280624818458e+01
2.033629186549049095e+01
5.068126458663882516e+01
2.020786746620734320e+01
4.028476773784221621e+01
3.011409366852468850e+01
3.501559405900154331e+01
3.489664007796094580e+01
2.484018700468041985e+01
1.980255669036343846e+01
1.973216727620037503e+01
2.457623808095495122e+01
9.794517815013760398e+00
3.415354672114402490e+01
1.944283071256386108e+01
2.905290103477166141e+01
1.447022456552312875e+01
1.441345317126705261e+01
3.349767051826242437e+01
1.429830692494653732e+01
1.423994894452085802e+01
1.418107925606254049e+01
3.295064899475083564e+01
3.281096075379363697e+01
9.334326168636037480e+00
2.788132562748473120e+01
1.387937046043537670e+01
1.381762178578369316e+01
2.292571085815744780e+01
1.825705933301309258e+01
1.817298095159192073e+01
1.356626024568430466e+01
4.500792764890714892e+00
1.791746688500993656e+01
4.457812084781724415e+00
1.330839706023395586e+01
8.828662107769510214e+00
8.784823479513857336e+00
0.000000000000000000e+00
4.348233403886614390e+00
8.651963210307911822e+00
0.000000000000000000e+00
8.562341894078246085e+00
4.258619416859500184e+00
4.235975327779410549e+00
8.426484749851400835e+00
8.380848523983523535e+00
8.335049398451621627e+00
1.243364220429478983e+01
0.000000000000000000e+00
4.098374470840294492e+00
8.150372545246487022e+00
8.103870409298874478e+00
1.208587492510630845e+01
1.201577785441278934e+01
0.000000000000000000e+00
0.000000000000000000e+00
0.000000000000000000e+00
7.822631172532274135e+00
7.775455462150795860e+00
0.000000000000000000e+00
3.840455103870488163e+00
3.816777512261836591e+00
0.000000000000000000e+00
7.538715111395375423e+00
3.745622229885471555e+00
7.443749307758291245e+00
1.109435483446734239e+01
3.674356522985047668e+00
1.095177833120520816e+01
0.000000000000000000e+00
0.000000000000000000e+00
0.000000000000000000e+00
3.555584482572177851e+00
3.531860418865570228e+00
7.016307926146115648e+00
0.000000000000000000e+00
3.460806367883718870e+00
0.000000000000000000e+00
6.827132536667964047e+00
0.000000000000000000e+00
3.366457553179403650e+00
3.342959736731816456e+00
6.639006803957710368e+00
3.296091331676620939e+00
6.545452522931642925e+00
0.000000000000000000e+00
0.000000000000000000e+00
3.202939689248260002e+00
0.000000000000000000e+00
9.470094876543903695e+00
1.253467986181870231e+01
3.110706426242803246e+00
0.000000000000000000e+00
0.000000000000000000e+00
6.084455393500321385e+00
3.019546216320661891e+00
0.000000000000000000e+00
2.974413303086084870e+00
2.951965992132662198e+00
5.859201548098393886e+00
2.907319581585438684e+00
2.885124296310696224e+00
8.589050246147117207e+00
0.000000000000000000e+00
5.638143867954139132e+00
2.797238073792428725e+00
2.775498765628207298e+00
0.000000000000000000e+00
2.732310066476237864e+00
2.710863681807643477e+00
0.000000000000000000e+00
2.668273988778611550e+00
2.647133392796235274e+00
5.252194716855945522e+00
5.210334244001155746e+00
2.584343872677108411e+00
0.000000000000000000e+00
0.000000000000000000e+00
0.000000000000000000e+00
0.000000000000000000e+00
2.481870811943640120e+00
2.461711877305093221e+00
0.000000000000000000e+00
2.421736933755013421e+00
0.000000000000000000e+00
2.382224546539988719e+00
0.000000000000000000e+00
2.343180518638060761e+00
0.000000000000000000e+00
2.304610003868495571e+00
0.000000000000000000e+00
0.000000000000000000e+00
2.247651799824199159e+00
2.228907004329176100e+00
2.210283538409616000e+00
0.000000000000000000e+00
2.173402010518561855e+00
4.310289139978648265e+00
0.000000000000000000e+00
0.000000000000000000e+00
2.101108569403329795e+00
4.166685323841186062e+00
0.000000000000000000e+00
0.000000000000000000e+00
6.092355270382060262e+00
2.013512863736289127e+00
1.996364171661462628e+00
0.000000000000000000e+00
0.000000000000000000e+00
3.891318133587910566e+00
0.000000000000000000e+00
1.912472448677229764e+00
3.792127672687189754e+00
3.759556297019832627e+00
3.727230402830041811e+00
0.000000000000000000e+00
1.831656683649303785e+00
3.631721273094662195e+00
1.800186378532438791e+00
5.353900861698007496e+00
1.769202054345876629e+00
0.000000000000000000e+00
6.954804684378874668e+00
1.723631146331192632e+00
1.708680898972810835e+00
0.000000000000000000e+00
1.679138136343135468e+00
1.664544781809275786e+00
3.300139054431111774e+00
3.271423832206136417e+00
1.621471478207161532e+00
0.000000000000000000e+00
0.000000000000000000e+00
1.579448304543018544e+00
0.000000000000000000e+00
1.552009523701294968e+00
1.538461538461538325e+00
1.525027089026301352e+00
1.511705612001456478e+00
1.498496534388005674e+00
1.485399274005922976e+00
0.000000000000000000e+00
0.000000000000000000e+00
2.893544890793300350e+00
1.434116462880008047e+00
1.421569263220762380e+00
0.000000000000000000e+00
4.190396071991735916e+00
1.384574041090684604e+00
2.744911243457472505e+00
1.360442780042286026e+00
1.348534858422787419e+00
0.000000000000000000e+00
1.325031121525476863e+00
2.626867937095598737e+00
2.603878121694769732e+00
0.000000000000000000e+00
0.000000000000000000e+00
0.000000000000000000e+00
0.000000000000000000e+00
