0.000000000000000000e+00
-2.101553233019926470e+00
1.048978405655594415e+00
0.000000000000000000e+00
0.000000000000000000e+00
0.000000000000000000e+00
0.000000000000000000e+00
1.040806823454192953e+00
3.845522449857981684e+01
3.321295025736731077e+01
9.328760709977669308e+01
1.314707127769876251e+02
1.168334634443145603e+02
1.239233087339187307e+02
1.041826240108505601e+02
1.308575558279586630e+02
1.163090432893311288e+02
1.727439566078593032e+02
1.468948400411315163e+02
1.529156290582783413e+02
1.291960519327114127e+02
1.506006740463991491e+02
1.402421743019328346e+02
8.899041443394804674e+01
9.403617342767574883e+01
1.654711698495903534e+02
9.901389393266731531e+01
1.754634421898682604e+02
1.580302498046580126e+02
1.538693706294361618e+02
1.303671310791164046e+02
1.944421702871542266e+02
1.719723546009042821e+02
1.505442660884320958e+02
2.847125962854941008e+02
2.520936482513054671e+02
2.997844397913407875e+02
3.708274840268452408e+02
2.803464734140468408e+02
3.524011359815505102e+02
2.051141913350668347e+02
2.924070976503824113e+02
1.837551470506766691e+02
1.390789234100708427e+02
1.614105292396395726e+02
1.796867392258337759e+02
1.878176605753815238e+02
1.675268288165440254e+02
8.834237404440978025e+01
1.594455486528094070e+02
2.458127867723263762e+02
1.229317711225156700e+02
1.575118821033120184e+02
1.280761011006211447e+02
1.820033903543123870e+02
1.393441564031575126e+02
1.617781285964694007e+02
3.308058405759337575e+02
2.311507561748757098e+02
2.047658820242163529e+02
2.160736450735167864e+02
1.172682367203575495e+02
2.315992493235885377e+02
2.603108230497043678e+02
2.298196924214180399e+02
2.616430404639324934e+02
1.789713447993907494e+02
1.647628119911622662e+02
2.324655415980486168e+02
1.701185526091134079e+02
2.266512340422564193e+02
1.272685204730768191e+02
9.450000209008373986e+01
1.274739532395578863e+02
2.654521614656678139e+02
1.699136317625859647e+02
2.391227111210470184e+02
8.872185566521523015e+01
2.178836417243892356e+02
1.416065499554960070e+02
1.583016095528254255e+02
1.491413118768149388e+02
1.285609530923827606e+02
1.681375179683783472e+02
1.839057530884547305e+02
1.404230450462110866e+02
1.718229592382034525e+02
2.950436747524881866e+02
1.523930881257024339e+02
2.340899776611572634e+02
2.092651753553100207e+02
3.006704402403038330e+02
1.468548793197523992e+02
1.901078269416163948e+02
2.713386802352472387e+02
2.843385741941667675e+02
2.520340987063141256e+02
2.460458307693086226e+02
2.696548259885778407e+02
1.874383213455391797e+02
1.866482846386340952e+02
1.412531824365946704e+02
1.861353679096841915e+02
1.874807580530926998e+02
1.472262211395510576e+02
1.763034759186006113e+02
2.258078232090177835e+02
1.854346624794160334e+02
2.125724220726690419e+02
2.430276332188345236e+02
1.540271423668218631e+02
2.254913918768747294e+02
1.556241656830778766e+02
1.905313398030505141e+02
2.027882845528487792e+02
2.064004284179008550e+02
2.437636441230786204e+02
1.384511884800774624e+02
1.627269049469292099e+02
1.816223693523978113e+02
1.666099608203523417e+02
2.009613364142872456e+02
1.408261498043929123e+02
2.017177709901910987e+02
1.767016303767299803e+02
1.416334276587267027e+02
1.995589418011057603e+02
1.288567543263113748e+02
1.869892173049227893e+02
1.684030046589700760e+02
1.508619577578080850e+02
1.578867167594382295e+02
1.739186158652920255e+02
1.450438462951179304e+02
1.678797752900784417e+02
1.411340742070646570e+02
1.685873892327618080e+02
1.269933386995870990e+02
1.499919864887228300e+02
1.093210078819019486e+02
1.517851624137757085e+02
1.280996545370582282e+02
1.902817818759548061e+02
1.734731001400542141e+02
1.266545483449395419e+02
1.292485977116547247e+02
1.145063259278117016e+02
1.460689854411276087e+02
1.452437103705528614e+02
1.723675550387972919e+02
1.517575235798724407e+02
1.696658748540037607e+02
1.419181675417525810e+02
1.587153694254863865e+02
1.402397707412276304e+02
1.901934288093375756e+02
1.148664265570768350e+02
1.270173953063035128e+02
1.725487193346520485e+02
1.491160150780600304e+02
1.745998458546457073e+02
1.594503628049710073e+02
1.526393718557317527e+02
1.855575448038292166e+02
1.497892547320683150e+02
1.489605120914376641e+02
1.517711003322269789e+02
1.339031197685438599e+02
1.757459483946473426e+02
1.602967750894250116e+02
1.545825609125450057e+02
1.931220373301459006e+02
1.072999186392157753e+02
1.335541985530277032e+02
1.425906127888087553e+02
1.678385762956785356e+02
1.670449388822885055e+02
1.524980901647339806e+02
1.002711788117794356e+02
1.395070466690687283e+02
1.083837284063065169e+02
1.150018688720605837e+02
1.393989255370227056e+02
1.334334162056927653e+02
1.274351295656080651e+02
1.060684871184404301e+02
1.384064654028229313e+02
1.336581635908757164e+02
5.799750954743782927e+01
1.137415917910762175e+02
9.721712511935058387e+01
1.468959705337224477e+02
7.300866515819819824e+01
1.202912750913127695e+02
1.206421288048397855e+02
9.995269986100382198e+01
9.892745754428605665e+01
5.820867963318667648e+01
7.695686337531330423e+01
7.319326471359968878e+01
8.008542445274960642e+01
9.772903185542301685e+01
1.154788264519254710e+02
1.090929632521846600e+02
8.645778475714001843e+01
6.233026002317006942e+01
9.106204938453646491e+01
1.104265860981502101e+02
7.110865200411976161e+01
1.261949094967279166e+02
8.255522482747667823e+01
1.338778464135843080e+02
7.199267766379477962e+01
3.749739038139028935e+01
8.219508556768849417e+01
8.385054325487922711e+01
5.467442490344203065e+01
1.125067948569141265e+02
6.489629083487250227e+01
7.783987088288441214e+01
6.530984980438279308e+01
1.253397978969111648e+02
1.043082448796020856e+02
1.032099804550817623e+02
1.092949615325427430e+02
5.482408480995115951e+01
9.552935285601500937e+01
9.438765379722048010e+01
9.906573717856448980e+01
2.923216950000283987e+01
9.238294854045045668e+01
9.709997470848983880e+01
5.018589462227734543e+01
9.181753772183100182e+01
5.794731965780619021e+01
5.068576616993658490e+01
1.032043657514561801e+02
9.454420206913735569e+01
2.559717898952081327e+01
7.553799387710171231e+01
1.045924133695903890e+02
1.384049093784202284e+02
2.746913241719101961e+01
1.179040678990089077e+02
1.275219780267455860e+02
1.032889491569415554e+02
1.082810341158833580e+02
1.133067205306349479e+02
8.721725508349925349e+01
1.015809828434319684e+02
1.489739663093415061e+02
1.447655901968401508e+02
1.278957951812643614e+02
1.996358234406542351e+02
2.082758079401990017e+02
2.121884107494450973e+02
2.449439898163408600e+02
2.377635227664932245e+02
2.547132489119398997e+02
2.733976885137153658e+02
3.279260385872192387e+02
3.404786611163383441e+02
3.384041515117436347e+02
3.609211670622258339e+02
3.835946178478877755e+02
4.758154344089802521e+02
5.123142999144679379e+02
4.891699419318556465e+02
4.691974298014941951e+02
4.725390328815765315e+02
6.373374429546727242e+02
6.159806442735156224e+02
5.605940339606502221e+02
5.829927289215615929e+02
6.788953902219669772e+02
7.343955612881911748e+02
7.473381117261568534e+02
7.620919756415459005e+02
7.925194546451886026e+02
8.248964820839333925e+02
7.964993904078185096e+02
8.623460043314208860e+02
7.127348675746829940e+02
7.117911505591499690e+02
8.257702325347622718e+02
8.163438750900933201e+02
7.801249839836414139e+02
8.187137658303099670e+02
7.158429998334740958e+02
7.256545164200754243e+02
7.752892824113511097e+02
7.291481846291713964e+02
6.134857709934842660e+02
6.029411638199119352e+02
5.207955378754741105e+02
5.834418505434798590e+02
5.209286831342860751e+02
4.542422258399773227e+02
3.665905574858167029e+02
3.791456277358822717e+02
3.655450370231509964e+02
4.045221163318405502e+02
3.285880890063690458e+02
3.411732887576066560e+02
2.149720821920963090e+02
2.024005578234557561e+02
1.878171373049059696e+02
1.577347344244482770e+02
1.505960018731168475e+02
1.569676591441173912e+02
1.789452798900870789e+02
1.229932063425000308e+02
6.662366270536227830e+01
1.455429402185343406e+02
3.948208167752338227e+01
5.746182512463528269e+01
1.392167660713562327e+01
1.596968116391326475e+01
1.602911852392159631e+01
1.206659950077317944e+01
2.018590410242165945e+01
6.078333763706638138e+00
2.847127368955872839e+01
3.061865730317845191e+01
2.868397627681275708e+01
4.318644205994746699e+01
4.334755206592123500e+01
5.386864884023825084e+01
2.287563381632745063e+01
-5.009675957275936753e+01
2.095156772226829389e+00
4.205956762094047008e+00
2.110829743115718315e+01
3.601808343987707417e+01
1.063310726633346803e+01
-3.201842487985979346e+01
-2.999543864636842727e+01
8.602121582829808233e+01
5.180541049222827610e+01
-3.683247836266340869e+01
5.436757806444805396e+01
0.000000000000000000e+00
2.190963702987772876e+00
-2.199137354092118812e+01
-2.207339787708576750e+00
5.095813086538370840e+01
1.556681429389999494e+01
2.008906924292035967e+01
1.344261226288571720e+01
2.248780223938609879e+00
9.028612944068441948e+00
6.796662905213111117e+00
-3.410974960390871047e+01
-5.249612310220326350e+01
3.665479466149888310e+01
0.000000000000000000e+00
2.307976350094577356e+00
1.621580275797677473e+01
-4.185247235777333685e+01
2.333758524288752767e+01
0.000000000000000000e+00
-1.880865226074479324e+01
-2.595761402261931039e+01
7.105533505918870674e+00
1.188632807387668322e+01
2.386046283967701243e+00
1.436911815749612487e+01
-4.807371378185649746e+00
-4.825088234827539679e+00
-1.452856892144910006e+01
-1.944270109912321942e+01
7.317817218395376244e+00
2.448232294533541165e+01
-1.228608567400102913e+01
9.864907026456066319e+00
-7.425782961429803208e+00
-9.937278604205950217e+00
4.986805141014833964e+00
-2.752760521715289599e+01
-1.255820226164280839e+01
-5.041590093315797105e+00
0.000000000000000000e+00
-1.777422222584861089e+01
1.274199591861691516e+01
2.557646705631587025e+00
2.566916972081674686e+00
2.576209783368941686e+00
1.809867456206367820e+01
1.816403560929999372e+01
2.604221454055679175e+00
2.613602400912665047e+00
-2.623004859208508677e+00
2.632428615432655050e+00
-2.641873453849552078e+00
0.000000000000000000e+00
2.660825503338926978e+00
-5.340664544070257591e+00
0.000000000000000000e+00
5.378812350840686207e+00
2.698972855072288013e+00
2.708559046587215136e+00
-1.359082258681577215e+01
2.727789032819227799e+00
0.000000000000000000e+00
-2.747094249743698668e+01
1.102709788977512773e+01
2.766472782354608029e+00
-1.110475574196179060e+01
-8.357768058265037325e+00
-2.795673786644581327e+00
-1.402720993975948893e+01
1.126090815655057931e+01
8.475086063107701406e+00
1.133938671824176581e+01
2.560212683170679071e+01
1.427265334559327314e+01
2.864396151079183994e+00
2.874276944937660616e+00
-2.595755510364752183e+01
2.894083421415452051e+00
5.808017154559456330e+00
5.827895983244403055e+00
-5.847802795962483202e+00
5.867737057490472807e+00
2.943849115200134037e+00
1.181537155031032071e+01
-1.185539830041483711e+01
0.000000000000000000e+00
0.000000000000000000e+00
8.981833220384174865e+00
1.502000014404176653e+01
6.028134397536664579e+00
1.814487384555256710e+01
6.068470157765295525e+00
-9.133005706945413138e+00
6.108891667380913049e+00
-1.225826637995785795e+01
0.000000000000000000e+00
-2.776353743858513923e+01
-1.237994828833994099e+01
6.210291396808802489e+00
-1.869187855504821627e+01
1.250195589846395805e+01
-6.271346129703026406e+00
-6.291730166595971951e+00
0.000000000000000000e+00
-2.216390249711228932e+01
3.176485909342883218e+00
-9.560120528034490306e+00
3.196934306054629360e+00
-6.414336041051743820e+00
2.252185395257225764e+01
3.227653088849590901e+00
0.000000000000000000e+00
1.299263929770009085e+01
6.516841249971413674e+00
-1.634343006333516257e+01
-3.278955712302193959e+00
-1.644614724748831946e+01
-2.309654865483917519e+01
-3.309787943210384498e+00
-9.960216465987826950e+00
3.330359316327108132e+00
0.000000000000000000e+00
-1.340376562977638386e+01
1.680617900830203837e+01
-6.743064146126693359e+00
-1.014548987043260553e+01
-6.784258378810953616e+00
1.360971803499827892e+01
-1.023819196260124365e+01
6.846064733249217937e+00
2.060000633071262399e+01
-3.443636463729543351e+00
3.108544504356018123e+01
1.385695903688723263e+01
3.474540476086950491e+00
1.742420119902780229e+01
-3.495138803289476570e+00
-2.103261552825177461e+01
1.406292540349343945e+01
-1.057807455184758894e+01
3.536316181504208345e+00
-1.063981531966689786e+01
-3.556891390948811349e+00
1.426869920827474658e+01
1.073236532865129078e+01
7.175464170644595185e+00
1.439202201459098163e+01
0.000000000000000000e+00
3.618540776933450331e+00
1.088640657737963835e+01
7.278118343497876452e+00
-1.094793450400059598e+01
1.463823588124672703e+01
-3.669801370380953998e+00
-1.472015398348644410e+01
-1.107081043133609910e+01
7.400992227585724947e+00
0.000000000000000000e+00
-7.441860465116278078e+00
-1.492455197770853204e+01
-1.122401791407438054e+01
0.000000000000000000e+00
1.128516548279110054e+01
-3.771902675986863684e+00
1.134622903293139196e+01
1.137672797305691041e+01
-3.802401444159617228e+00
3.812552534724697750e+01
-1.146808728999628713e+01
7.665661933808799233e+00
3.842957985346501459e+00
1.926538330777419716e+01
-1.545274736570033625e+01
0.000000000000000000e+00
1.553352444305828683e+01
3.893464907067507141e+00
0.000000000000000000e+00
1.956802556310909935e+01
0.000000000000000000e+00
7.867415780304449768e+00
-1.577497965079119524e+01
-7.907544374759028827e+00
7.927579180282583238e+00
1.986898499949838381e+01
0.000000000000000000e+00
-1.597512548342355743e+01
-2.001879052312098395e+01
-8.027448780990050992e+00
-4.023680122017275096e+00
4.033625195607235980e+00
0.000000000000000000e+00
-4.053482968846410017e+00
0.000000000000000000e+00
4.073296937930876993e+00
-8.166374533350300169e+00
8.186132749444173129e+00
-8.205868355560966165e+00
-1.233837178254265154e+01
-8.245271089671941667e+00
-8.264937906398813539e+00
0.000000000000000000e+00
-1.660840339723326053e+01
1.664759678506193197e+01
-4.171685719257794744e+00
2.508876212252084414e+01
-4.191223037471790036e+00
-1.260292113098338795e+01
-8.421424628749875296e+00
-8.440877587491630862e+00
0.000000000000000000e+00
-4.239855165014958516e+00
4.249544955012058978e+00
-4.259222416397886235e+00
-2.134443751370177722e+01
8.557080338576415812e+00
1.286454111869255357e+01
0.000000000000000000e+00
-8.614846452612773930e+00
-1.726810318865874905e+01
-3.461292597632748880e+01
0.000000000000000000e+00
8.691515279693302176e+00
8.710619026994237402e+00
0.000000000000000000e+00
-8.748749898646476453e+00
-1.315166534284863076e+01
-4.393389091411783909e+00
0.000000000000000000e+00
-4.412351694654660150e+00
-8.843627189475522954e+00
-4.431262521388717346e+00
-4.440698445521851667e+00
-8.900242676194466185e+00
0.000000000000000000e+00
4.468927911981420920e+00
-8.956623068875881444e+00
-2.243841003700764958e+01
8.994078600736667539e+00
9.012766764377037276e+00
-4.515714220944460067e+00
2.262515891912925881e+01
0.000000000000000000e+00
-4.543626945502449388e+00
0.000000000000000000e+00
2.281084291018435550e+01
-4.571419233201389432e+00
1.374196915701900679e+01
0.000000000000000000e+00
-4.599090021748736490e+00
0.000000000000000000e+00
1.846987649694656142e+01
1.387991430389831393e+01
-2.781475974695475628e+01
-1.393480391153493159e+01
-4.654062079877186342e+00
-1.398952667033720587e+01
9.344550004509830643e+00
9.362720694730249704e+00
9.380863039399596204e+00
-9.398976886434425637e+00
-4.708531038080053577e+00
4.717559220490034733e+00
4.726572902520487673e+00
9.471143983894688034e+00
1.423366917623350503e+01
-9.507052003155763487e+00
2.381240357148508835e+01
-9.542840838184559971e+00
9.560689999299537334e+00
9.578508668608765930e+00
9.596296591716416913e+00
-4.807026751396783482e+00
-4.815889562103940591e+00
-4.824736583074615837e+00
-4.833567663126292047e+00
-1.936953057843386716e+01
1.940472545284333705e+01
3.401974553438694926e+01
-2.921237592043314635e+01
1.950991277864252638e+01
2.443105039316525762e+01
0.000000000000000000e+00
4.903622064703050398e+00
-1.964920696788893295e+01
2.460481789280825993e+01
4.929607341324119929e+00
0.000000000000000000e+00
9.893679338501261356e+00
-4.955427723965506459e+00
1.985598673414060045e+01
-4.972546269397589924e+00
4.981076193273928254e+00
4.989586156954143092e+00
4.998075852082209281e+00
-5.006544959940216089e+00
-1.002998630246304756e+01
1.507026025758859511e+01
1.006365082545237755e+01
-1.008041753895880710e+01
5.048569782326193689e+00
-1.011381613159274018e+01
5.065223222524030788e+00
3.551460390119017063e+01
1.016356501097050291e+01
2.545012887759015285e+01
5.098244205962750186e+00
-5.106437336652373205e+00
0.000000000000000000e+00
-5.122745791744364396e+00
-1.539258038637795600e+01
-1.027789438186906068e+01
-5.147006449653295235e+00
2.062014944839699027e+01
1.548911811260773241e+01
5.171011903788668818e+00
-1.035790874738490608e+01
1.037373235641775082e+01
-1.038949339908567637e+01
-1.040519060852475519e+01
-2.605205671542513102e+01
-1.043638830133391515e+01
-1.567782913617980789e+01
-3.140194397502080648e+01
2.096534514887975931e+01
1.574693756363422459e+01
5.256585282391951885e+00
1.052830760944717703e+01
-5.271683971354125475e+00
0.000000000000000000e+00
-5.286626014885257518e+00
-1.058807247126723894e+01
5.301404788009991265e+00
-1.061746159656232535e+01
-2.658006687067188878e+01
1.596975481352748538e+01
0.000000000000000000e+00
0.000000000000000000e+00
-1.068938165502032334e+01
-5.351742184743780939e+00
5.358744354389322950e+00
1.073139261924212917e+01
3.223558202295156860e+01
-5.379445370474678967e+00
-1.077248064602136068e+01
0.000000000000000000e+00
0.000000000000000000e+00
-5.406293527600190885e+00
-5.412863553737484068e+00
3.793562100211848787e+01
5.425824944199424849e+00
5.432213870259350763e+00
5.438539956904758554e+00
0.000000000000000000e+00
-4.360798806100176250e+01
-1.091425673516816275e+01
-1.638957053958482035e+01
-2.734591295193763827e+01
-1.095020844858967912e+01
5.480953685941382325e+00
5.486729558944933416e+00
0.000000000000000000e+00
-1.649416431026664043e+01
1.100720234450626123e+01
5.509068113983477843e+00
-5.514454076168971319e+00
-1.103951503888848862e+01
-5.524976884320597748e+00
-1.106022118266151288e+01
0.000000000000000000e+00
1.108022922997062665e+01
-1.108996334869391731e+01
-5.549756561682812617e+00
5.554437600396281205e+00
0.000000000000000000e+00
1.669053399616318956e+01
-1.113580115820775518e+01
5.572189086325100682e+00
5.576375086176365237e+00
0.000000000000000000e+00
-5.584432407741457105e+00
-5.588300109616694655e+00
0.000000000000000000e+00
5.595704424626166684e+00
-1.119847464526994330e+01
5.602654879308412106e+00
-5.605955200423096585e+00
-5.609136377986892796e+00
0.000000000000000000e+00
1.123026720974943160e+01
5.617945774283905180e+00
1.124126208298823393e+01
-1.686956231437495290e+01
1.125122597114396683e+01
1.125581139135980990e+01
5.630063571439297476e+00
0.000000000000000000e+00
-5.633966791959178266e+00
5.635708105046245642e+00
0.000000000000000000e+00
-1.127752002571761381e+01
0.000000000000000000e+00
5.641224076459556258e+00
1.128446114392628630e+01
-5.643083988692785269e+00
-1.128756456960995536e+01
1.128864683775910294e+01
-5.644705350908722608e+00
-1.693477812993022269e+01
5.644983461962508997e+00
5.644875577264924615e+00
5.644600365218883198e+00
0.000000000000000000e+00
-5.643539897745499800e+00
2.257100252952269770e+01
0.000000000000000000e+00
1.692193226382956084e+01
1.691796859032454137e+01
1.127564079188366364e+01
-1.690840424342364656e+01
-1.126852799538552041e+01
1.126441248364712600e+01
1.125991919060057178e+01
0.000000000000000000e+00
1.124978438590722796e+01
5.622067773595897933e+00
-5.619047139213931175e+00
0.000000000000000000e+00
1.122482034035910381e+01
1.682637113015393737e+01
5.604967453397535770e+00
5.600939745880506138e+00
0.000000000000000000e+00
-5.592263525100078958e+00
1.676283561480519779e+01
-1.116549831254397596e+01
1.115534780343613619e+01
0.000000000000000000e+00
2.783440032500997319e+01
-1.668347619579353136e+01
-1.111043872127710230e+01
-5.549060686059382519e+00
5.542681489796435379e+00
-5.536080601498989395e+00
-1.105851380046332366e+01
1.104441863165492599e+01
0.000000000000000000e+00
1.101487695759885987e+01
-1.099942670329168237e+01
1.098352118975923908e+01
-1.096715882377261053e+01
-5.475169064558511600e+00
1.093305774900955640e+01
-1.637297467268906814e+01
0.000000000000000000e+00
-1.087844676879521977e+01
5.429658274537981555e+00
-2.167944346396504685e+01
4.868847776126501969e+01
-2.159827213822896397e+01
-5.389072221715263566e+00
0.000000000000000000e+00
-1.610214403198684607e+01
-1.071237261284078457e+01
1.068951667996288890e+01
-5.333097637541191816e+00
1.064240892977781172e+01
5.309079161354453902e+00
2.648361070183833732e+01
2.113653555986297405e+01
-1.054262994649068119e+01
-1.051653205751754072e+01
-1.573496331256010095e+01
1.046296197990521470e+01
1.043549310555712140e+01
-2.601892701256998564e+01
-1.037919711780813614e+01
5.175187118296413757e+00
0.000000000000000000e+00
-5.145695214297527187e+00
-1.026123465220855380e+01
-5.115319990949652507e+00
2.549902343303442009e+01
2.033629186549049095e+01
-1.013625291732776645e+01
1.010393373310367338e+01
1.007119193446055228e+01
-1.003803122284156224e+01
-5.002227722714504665e+00
4.985234296851563940e+00
-1.490411220280825333e+01
0.000000000000000000e+00
0.000000000000000000e+00
-4.915247616190990598e+00
9.794517815013760398e+00
4.879078103020574986e+00
9.721415356281930542e+00
9.684300344923887138e+00
4.823408188507709582e+00
1.441345317126705261e+01
-1.435614450782675178e+01
-4.766102308315512737e+00
4.746649648173619340e+00
-1.418107925606254049e+01
4.707235570678689029e+00
-4.687280107684806296e+00
0.000000000000000000e+00
0.000000000000000000e+00
-1.387937046043537670e+01
4.605873928594564681e+00
-1.375542651489447010e+01
9.128529666506548068e+00
1.817298095159192073e+01
1.356626024568430466e+01
4.500792764890714892e+00
-8.958733442504968281e+00
-4.457812084781724415e+00
-1.330839706023395586e+01
0.000000000000000000e+00
0.000000000000000000e+00
0.000000000000000000e+00
4.348233403886614390e+00
0.000000000000000000e+00
0.000000000000000000e+00
0.000000000000000000e+00
4.258619416859500184e+00
-4.235975327779410549e+00
-8.426484749851400835e+00
-8.380848523983523535e+00
0.000000000000000000e+00
-1.243364220429478983e+01
0.000000000000000000e+00
-4.098374470840294492e+00
0.000000000000000000e+00
-8.103870409298874478e+00
-1.208587492510630845e+01
-4.005259284804263409e+00
0.000000000000000000e+00
0.000000000000000000e+00
0.000000000000000000e+00
-7.822631172532274135e+00
0.000000000000000000e+00
0.000000000000000000e+00
-3.840455103870488163e+00
-3.816777512261836591e+00
0.000000000000000000e+00
-7.538715111395375423e+00
-3.745622229885471555e+00
-7.443749307758291245e+00
-1.109435483446734239e+01
-3.674356522985047668e+00
3.650592777068402572e+00
0.000000000000000000e+00
0.000000000000000000e+00
0.000000000000000000e+00
3.555584482572177851e+00
3.531860418865570228e+00
-7.016307926146115648e+00
0.000000000000000000e+00
-3.460806367883718870e+00
0.000000000000000000e+00
-6.827132536667964047e+00
0.000000000000000000e+00
-3.366457553179403650e+00
-3.342959736731816456e+00
-6.639006803957710368e+00
3.296091331676620939e+00
-6.545452522931642925e+00
0.000000000000000000e+00
0.000000000000000000e+00
3.202939689248260002e+00
0.000000000000000000e+00
-3.156698292181301380e+00
-1.253467986181870231e+01
-3.110706426242803246e+00
0.000000000000000000e+00
0.000000000000000000e+00
-6.084455393500321385e+00
3.019546216320661891e+00
0.000000000000000000e+00
2.974413303086084870e+00
-2.951965992132662198e+00
0.000000000000000000e+00
-2.907319581585438684e+00
-2.885124296310696224e+00
-2.863016748715705440e+00
0.000000000000000000e+00
-5.638143867954139132e+00
-2.797238073792428725e+00
2.775498765628207298e+00
0.000000000000000000e+00
-2.732310066476237864e+00
-2.710863681807643477e+00
0.000000000000000000e+00
2.668273988778611550e+00
-2.647133392796235274e+00
-5.252194716855945522e+00
0.000000000000000000e+00
-2.584343872677108411e+00
0.000000000000000000e+00
0.000000000000000000e+00
0.000000000000000000e+00
0.000000000000000000e+00
2.481870811943640120e+00
2.461711877305093221e+00
0.000000000000000000e+00
2.421736933755013421e+00
0.000000000000000000e+00
2.382224546539988719e+00
0.000000000000000000e+00
-2.343180518638060761e+00
0.000000000000000000e+00
2.304610003868495571e+00
0.000000000000000000e+00
0.000000000000000000e+00
2.247651799824199159e+00
-2.228907004329176100e+00
-2.210283538409616000e+00
0.000000000000000000e+00
2.173402010518561855e+00
0.000000000000000000e+00
0.000000000000000000e+00
0.000000000000000000e+00
-2.101108569403329795e+00
-4.166685323841186062e+00
0.000000000000000000e+00
0.000000000000000000e+00
-2.030785090127353421e+00
2.013512863736289127e+00
-1.996364171661462628e+00
0.000000000000000000e+00
0.000000000000000000e+00
0.000000000000000000e+00
0.000000000000000000e+00
1.912472448677229764e+00
3.792127672687189754e+00
-3.759556297019832627e+00
3.727230402830041811e+00
0.000000000000000000e+00
1.831656683649303785e+00
0.000000000000000000e+00
-1.800186378532438791e+00
1.784633620566002499e+00
1.769202054345876629e+00
0.000000000000000000e+00
3.477402342189437334e+00
1.723631146331192632e+00
-1.708680898972810835e+00
0.000000000000000000e+00
1.679138136343135468e+00
1.664544781809275786e+00
3.300139054431111774e+00
-3.271423832206136417e+00
1.621471478207161532e+00
0.000000000000000000e+00
0.000000000000000000e+00
-1.579448304543018544e+00
0.000000000000000000e+00
-1.552009523701294968e+00
-1.538461538461538325e+00
1.525027089026301352e+00
1.511705612001456478e+00
-1.498496534388005674e+00
1.485399274005922976e+00
0.000000000000000000e+00
0.000000000000000000e+00
0.000000000000000000e+00
-1.434116462880008047e+00
-1.421569263220762380e+00
0.000000000000000000e+00
1.396798690663912046e+00
-1.384574041090684604e+00
0.000000000000000000e+00
-1.360442780042286026e+00
1.348534858422787419e+00
0.000000000000000000e+00
1.325031121525476863e+00
-2.626867937095598737e+00
0.000000000000000000e+00
0.000000000000000000e+00
0.000000000000000000e+00
0.000000000000000000e+00
0.000000000000000000e+00
