0.000000000000000000e+00
1.050776616509963235e+00
3.146935216966783244e+00
0.000000000000000000e+00
0.000000000000000000e+00
0.000000000000000000e+00
0.000000000000000000e+00
0.000000000000000000e+00
2.047480871951411530e+02
2.843858865787075842e+02
8.240405293813607841e+02
9.606678854885395822e+02
9.967031748700818525e+02
9.934518583502485853e+02
1.041826240108505317e+03
1.064376812364419493e+03
1.080747747378740542e+03
1.178360561146468854e+03
1.129960308008704033e+03
1.148406637021566894e+03
1.147383985021460830e+03
1.020396403742949587e+03
1.132174049473997911e+03
1.064816338226896050e+03
1.113102096334118187e+03
1.134805368536388414e+03
1.191229012571368912e+03
1.186418507365213827e+03
1.241811898464990236e+03
1.273753068124471611e+03
1.428945975812502411e+03
1.643087240018151533e+03
1.750251182920446581e+03
2.022175682322993225e+03
2.276683939582933363e+03
2.373543018817735174e+03
2.502946017647703229e+03
2.334689200804631582e+03
2.255976512509412714e+03
2.151982729524223487e+03
2.158776092962138136e+03
2.063094522311032051e+03
1.966484639984312025e+03
1.928831784519230041e+03
2.001896626796032479e+03
1.959296083083950407e+03
1.786805851960386462e+03
1.793044725394040370e+03
1.817618960224064494e+03
1.761010072381984173e+03
1.842580145475207019e+03
1.823657265825748254e+03
1.906401876295569309e+03
1.846938696030386609e+03
1.861721830942715087e+03
1.974211734149844688e+03
1.904708532909374753e+03
1.953281255585282906e+03
1.895028886526182987e+03
1.899942139179918740e+03
1.838664413738793883e+03
1.845700073598671224e+03
1.918090699243816744e+03
1.995716310047733714e+03
1.858985956475470402e+03
1.795729773809098788e+03
1.772327660213395575e+03
1.771456071780757156e+03
1.756292527932393568e+03
1.696061473301703018e+03
1.712703895251439917e+03
1.788943799875586592e+03
1.688673950392364532e+03
1.659217423618116527e+03
1.623579499196991492e+03
1.709434113490258369e+03
1.697565108691226669e+03
1.665082267949503603e+03
1.554098961114720396e+03
1.645530127949996995e+03
1.632679345584042949e+03
1.557698146268955270e+03
1.641225715687435240e+03
1.598344306612980063e+03
1.565796440137295349e+03
1.608103908455129385e+03
1.592226088940685941e+03
1.618048703942974043e+03
1.544806646753695304e+03
1.615638863679236465e+03
1.566349837534496146e+03
1.481351925086375786e+03
1.520996964383151180e+03
1.600686896458692217e+03
1.536534154355411147e+03
1.567021475558962720e+03
1.551222423418360904e+03
1.618833727765450476e+03
1.524871604217761615e+03
1.587401376819000916e+03
1.549392862824115809e+03
1.530419818730324096e+03
1.513546448774175815e+03
1.504106990744129689e+03
1.508535338342936484e+03
1.449962526191157394e+03
1.512163290020578870e+03
1.480261669850136059e+03
1.393530322476385663e+03
1.437734272626468055e+03
1.445485489904020369e+03
1.441418658122031957e+03
1.462218723397252461e+03
1.450636337136862267e+03
1.382647394678514502e+03
1.351379647115098123e+03
1.423405564790119797e+03
1.478266232905393963e+03
1.335671172819425237e+03
1.477049389311668619e+03
1.352609813502071120e+03
1.352920035313671860e+03
1.430265583950865675e+03
1.358012534753636373e+03
1.288817516560274271e+03
1.303470138921718899e+03
1.301567764858323244e+03
1.455192656616102568e+03
1.399080036620761575e+03
1.226776855131570073e+03
1.335407700152449706e+03
1.368351545248464618e+03
1.306072702369031731e+03
1.276160973216735101e+03
1.322757424097664853e+03
1.335692878295659511e+03
1.348699113862094237e+03
1.332296187250132107e+03
1.296521640785096679e+03
1.365373838025004261e+03
1.311286854236303043e+03
1.290146520694657966e+03
1.252879443315774779e+03
1.324599234844255079e+03
1.157162009878765730e+03
1.240555736964543257e+03
1.297738360515199702e+03
1.296072426374449606e+03
1.238638362040074753e+03
1.284604143295901395e+03
1.225733844298969643e+03
1.295311196299187259e+03
1.232694166003156852e+03
1.220344840471517500e+03
1.304583413533941211e+03
1.264018439912988697e+03
1.237478512908714492e+03
1.255929011533356288e+03
1.248300735048620709e+03
1.291941154636312376e+03
1.223394810337688568e+03
1.278000652256384228e+03
1.273997906827367615e+03
1.306132328359421535e+03
1.210393816463971234e+03
1.215905318209784127e+03
1.314944813278414358e+03
1.214866486627333870e+03
1.218017059012903019e+03
1.257901410625411472e+03
1.214577264312853458e+03
1.232536824234434334e+03
1.174132443040613907e+03
1.192094883380728788e+03
1.201480902542223475e+03
1.274329931133855553e+03
1.226658357165461666e+03
1.213734799589808972e+03
1.191973638125028174e+03
1.320918072515236190e+03
1.304385568610781775e+03
1.246064205580788212e+03
1.254590329833204123e+03
1.331792573176819360e+03
1.302387024160514557e+03
1.257486642464402166e+03
1.212338113621023012e+03
1.242763886465161477e+03
1.237280203678673161e+03
1.242109883082093802e+03
1.182160241451303364e+03
1.292164554960354735e+03
1.263310652469536308e+03
1.274826013195977794e+03
1.291657574703991031e+03
1.340155278399511644e+03
1.263633391032347390e+03
1.300434819986874800e+03
1.268461403220681177e+03
1.252270219918132852e+03
1.213294180459156223e+03
1.297252491341162795e+03
1.328006504197142704e+03
1.230999610030824670e+03
1.311726703112233508e+03
1.276415324822309003e+03
1.312924473215854277e+03
1.325119033177802748e+03
1.226624247071065838e+03
1.346993490497682387e+03
1.268598621515558079e+03
1.358101039906875940e+03
1.331864536780203707e+03
1.317963832294051372e+03
1.315121369083015907e+03
1.340211183023819785e+03
1.378075889232910868e+03
1.413366610389984089e+03
1.340249484633236534e+03
1.402532946271608353e+03
1.364407949174171108e+03
1.420042937536595673e+03
1.350291663167451816e+03
1.387600848340543507e+03
1.347491828368322786e+03
1.442739073946083636e+03
1.396754931909916650e+03
1.363538567932154365e+03
1.372351829738349352e+03
1.413375395325135969e+03
1.347617931883713254e+03
1.315263293778634988e+03
1.411109272320504715e+03
1.281002744022319575e+03
1.268897717635038134e+03
1.332737498703627352e+03
1.370075348236723130e+03
1.334123740308938068e+03
1.323524725399341378e+03
1.394431366971297621e+03
1.253593128357264732e+03
1.347546700101981742e+03
1.278840720311446148e+03
1.273976421973706692e+03
1.227591089679153356e+03
1.262591781485599085e+03
1.206560094434129041e+03
1.209122401278967573e+03
1.205467061332649791e+03
1.170525479226623702e+03
1.122793261868300078e+03
1.164418877670236270e+03
1.198430969661477093e+03
1.110672319300782647e+03
1.104974706247620588e+03
1.104017896530947382e+03
1.083837131409560470e+03
1.012101482046558999e+03
1.001119794774143429e+03
1.006232912754621111e+03
9.918950969148066861e+02
1.024694152354913285e+03
9.367419266484499758e+02
9.449572373992823486e+02
8.626763079497562785e+02
8.971103502919315815e+02
8.720948924110360849e+02
8.435685733314652452e+02
8.098247453869205401e+02
7.858893844732602929e+02
7.853208070180268123e+02
8.303081561166293341e+02
7.519750787870957538e+02
7.988530104756092669e+02
8.375317502487080219e+02
7.617856055320398809e+02
7.404660371355714688e+02
7.362291257894571572e+02
7.925194546451886026e+02
7.571681393444104060e+02
6.866975050780754373e+02
7.311574641187299903e+02
7.618889963729368446e+02
7.435046176632704373e+02
7.355897574613727556e+02
7.134135604048206005e+02
7.160051222863557996e+02
7.150338566203579376e+02
7.732539672386650409e+02
7.292557795288599891e+02
7.391452599213114354e+02
7.617966108065969593e+02
7.682225381580130943e+02
7.381461520704376653e+02
7.335148420781325740e+02
7.840575026230992535e+02
7.850875543690482345e+02
7.416199605550650631e+02
7.592332358081887378e+02
7.881746547021789411e+02
7.123441747117815339e+02
7.337843040438037860e+02
7.194946086863599248e+02
7.828031569827310250e+02
7.286221900847157258e+02
7.790512036978296919e+02
6.899405043853689676e+02
7.309658424547603772e+02
8.031786766566232245e+02
8.080927637419378016e+02
7.799680134339663482e+02
8.258115282996431006e+02
8.700266541523778869e+02
8.614568623745683453e+02
8.468906519828765340e+02
8.995747795373941926e+02
8.790544371934209948e+02
9.442073988163723470e+02
8.896160780776475576e+02
9.693501598954452447e+02
9.790163489674504262e+02
9.948206259933156161e+02
1.026999515230511633e+03
1.173715196621840505e+03
1.227264413557917806e+03
1.219502863883278451e+03
1.141485537735925391e+03
1.263841376636358746e+03
1.262319066046431999e+03
1.479941772378599808e+03
1.495941935369955672e+03
1.562512937117929368e+03
1.610563093997293890e+03
1.798785461203273144e+03
1.673651083720887755e+03
1.854934081373211939e+03
2.046117421948704305e+03
2.172035699664526419e+03
2.441329969446258474e+03
2.727770015211366172e+03
2.613993153338662978e+03
2.890052261433595049e+03
3.089258821212758448e+03
3.494429255652378288e+03
3.631073950780650648e+03
3.886111371212305130e+03
4.014014257212783832e+03
4.412898877028172137e+03
4.617537312301245038e+03
4.924828690425551031e+03
5.058280401914346839e+03
5.512093616127832320e+03
5.650848517714210175e+03
5.897825308525792934e+03
6.098441461806874941e+03
6.229174235747120292e+03
6.859305712481096634e+03
6.887083085637849763e+03
6.905657939032600552e+03
7.234651425295134686e+03
7.312993498228763201e+03
7.699792019242398055e+03
7.567824379140011843e+03
7.316330999927800804e+03
7.224510203302244918e+03
7.093715602235990445e+03
7.072000986514341093e+03
7.028376954907413165e+03
6.752710984641136747e+03
6.608077431105769392e+03
6.527886894030621988e+03
5.961581760586095697e+03
5.836585790167961932e+03
5.553310724648465111e+03
5.403502823741310749e+03
5.052007674759407564e+03
4.625803190257869574e+03
4.163982292747380598e+03
3.606116283447029218e+03
3.461040543308758060e+03
3.203930504302190457e+03
2.906939161401463934e+03
2.592497270370204205e+03
2.370011240862746945e+03
2.028213837565850554e+03
1.735235873127212926e+03
1.615283534172325290e+03
1.401354516091216510e+03
1.120980483316799564e+03
9.817914881789912442e+02
8.729432019048291522e+02
7.082113119862974600e+02
6.739017255507596929e+02
4.808209686006184711e+02
4.639843523914533421e+02
3.459073154340605356e+02
3.097585435560749261e+02
2.679859238223684201e+02
2.070842755073663284e+02
1.457445341739035598e+02
1.570964247020584423e+02
7.882677100353147637e+01
7.637809291893839259e+01
4.653635005926180668e+01
7.417154474307984913e+01
4.686516603154429816e+01
6.086240121180135532e+01
3.886664509686627156e+01
2.785922686088345301e+01
3.354808543973499013e+01
1.683265192771138885e+01
2.815227039137645093e+01
1.412514343851283805e+01
1.984392675692308927e+01
2.275744607262825880e+01
2.854530669118654629e+01
1.432198075539591287e+01
3.161704639431427566e+01
1.153669115717667637e+01
1.736450052849269809e+01
8.712025731839181830e+00
1.456973995811101119e+01
1.461950698990620801e+01
1.466934264372618024e+01
2.355079292160106164e+01
1.772305732546547929e+01
2.371079660082967067e+01
8.921606718145769221e+00
2.387120486220901228e+01
1.197577762717889982e+01
2.102800020165847528e+01
6.028134397536663691e+00
2.721731076832885421e+01
1.213694031553059283e+01
1.826601141389082628e+01
3.054445833690456880e+01
2.758109935490518083e+01
9.224091723282565880e+00
1.850902495905675949e+01
9.284961216254957961e+00
9.315437095213205509e+00
1.869187855504821627e+01
1.562744487307994667e+01
1.881403838910907922e+01
2.516692066638389136e+01
1.578032375028089085e+01
1.583135892650878063e+01
1.270594363737153643e+01
1.912024105606898416e+01
2.237854014238240552e+01
1.924300812315522791e+01
2.252185395257225409e+01
3.227653088849590546e+01
3.237903886866790426e+00
9.744479473275065473e+00
6.516841249971412786e+00
9.806058038001099320e+00
1.967373427381315310e+01
9.867688348492992034e+00
9.898520852073932730e+00
9.929363829631158822e+00
2.656057724263420639e+01
2.664287453061685085e+01
4.342843903508761372e+01
6.701882814888191042e+00
2.352865061162285798e+01
2.360072451144342409e+01
2.705463965448694807e+01
1.696064594702738404e+01
2.041457705249741750e+01
1.706365327100207452e+01
1.369212946649843765e+01
2.746667510761683317e+01
1.721818231864772031e+01
6.907876676346706546e+00
1.732119879610904079e+01
3.474540476086948271e+00
1.393936095922224183e+01
1.048541640986842793e+01
1.752717960687647647e+01
1.054719405262008003e+01
7.052049701231725365e+00
1.414526472601682272e+01
1.418642042622253108e+01
1.778445695474405852e+01
2.853739841654949316e+01
1.788727554775215012e+01
1.435092834128919392e+01
1.079401651094323533e+01
1.804137570583133865e+01
2.894832621546759910e+01
1.451520876983951780e+01
2.911247337399152357e+01
1.824655750666765996e+01
7.319117940623363516e+00
7.339602740761908883e+00
3.680038495871610582e+00
2.214162086267219465e+01
2.590347279655004087e+01
1.855358104164859157e+01
2.604651162790697683e+01
7.462275988854266018e+00
2.244803582814876819e+01
3.751533976935665482e+00
2.257033096558219398e+01
1.131570802796059105e+01
2.269245806586278391e+01
1.516897063074254781e+01
1.520960577663846003e+01
2.287531520834818721e+01
1.911347881666047499e+01
3.449547870213959300e+01
2.690070589742552798e+01
3.853076661554839077e+00
2.317912104855050615e+01
3.485959536472312692e+01
7.766762221529142529e+00
3.114771925654003226e+01
1.561415848281380470e+01
1.565442045048727948e+01
2.354196748069555767e+01
3.933707890152224884e+00
1.183123473809339643e+01
5.139903843593369714e+01
7.927579180282585902e+00
1.589518799959870599e+01
1.593517719412339062e+01
3.993781370855888913e+00
1.201127431387259037e+01
4.013724390495025318e+01
1.609472048806910038e+01
1.613450078242895103e+01
1.617423804209824212e+01
1.216044890653923005e+01
2.031697737719811414e+01
1.221989081379262920e+01
2.449912360005091472e+01
2.046533187361043460e+01
1.641173671112193233e+01
2.056395297090441687e+01
1.649054217934388333e+01
8.264937906398815315e+00
2.071145372611201196e+01
1.245630254792494540e+01
4.161899196265482992e+00
1.251505715777338068e+01
4.181460353753474024e+00
1.257366911241537544e+01
2.100486855163897815e+01
1.263213694312481294e+01
1.688175517498326528e+01
1.692061237836352916e+01
2.543913099008975109e+01
1.274863486503617516e+01
3.407377933118311120e+01
1.280666250822106633e+01
1.711416067715283162e+01
3.001726261028262499e+01
2.578684843173743602e+01
1.722969290522554076e+01
2.158512898582343098e+01
1.297984724112280830e+01
2.601715823792424587e+01
2.172878819923326077e+01
1.306592854049135610e+01
8.729697254859646094e+00
1.749749979729295646e+01
8.767776895232417544e+00
1.757355636564712853e+01
3.082013795265563161e+01
2.206175847327329365e+01
1.768725437895104591e+01
1.329378756416614671e+01
1.776279378208740667e+01
1.780048535238893592e+01
2.229765585005355177e+01
1.340678373594426276e+01
2.686986920662764433e+01
4.487682007401530448e+00
2.248519650184167062e+01
4.506383382188518638e+00
2.709428532566676395e+01
1.810012713530340633e+01
9.068672074007766426e+00
2.726176167301469278e+01
1.821161789227184613e+01
9.124337164073743622e+00
2.285709616600694360e+01
4.580656385673002262e+00
2.294939998372205991e+01
0.000000000000000000e+00
9.216572827835172177e+00
4.617469124236640354e+00
2.775982860779662786e+01
9.271586582318251502e+00
4.644934637178309345e+00
9.308124159754372684e+00
1.865270222711627568e+01
1.401682500676474596e+01
2.808816208419074911e+01
1.407129455909939431e+01
4.699488443217212819e+00
1.883412415232021786e+01
1.887023688196013893e+01
2.835943741512291538e+01
4.735571991947344017e+00
9.489112784155672387e+00
1.426057800473364345e+01
2.381240357148509190e+01
2.862852251455367991e+01
2.390172499824884866e+01
2.394627167152191305e+01
4.798148295858207568e+00
3.364918725977748437e+01
9.631779124207877629e+00
2.894841949844769147e+01
1.450070298937887792e+01
2.421191322304233040e+01
9.702362726421670303e+00
1.457989094330869229e+01
2.921237592043314635e+01
2.438739097330315886e+01
2.443105039316525762e+01
9.789849542888029887e+00
9.807244129406100797e+00
3.438611219380563000e+01
9.841927157123304681e+00
3.450725138926883773e+01
1.975293115379365005e+01
2.473419834625315161e+01
4.955427723965506459e+00
2.978398010121090422e+01
9.945092538795181625e+00
9.962152386547856509e+00
3.991668925563315184e+01
2.499037926041103930e+01
1.501963487982064827e+01
0.000000000000000000e+00
1.507026025758859511e+01
1.509547623817856810e+01
2.520104384739702041e+01
5.048569782326192801e+00
1.517072419738911115e+01
5.065223222524030788e+00
2.029405937210866995e+01
3.049069503291150696e+01
2.036010310207212015e+01
2.039297682385100074e+01
1.021287467330474819e+01
0.000000000000000000e+00
1.024549158348872879e+01
5.130860128792652297e+00
3.597263033654171238e+01
5.147006449653295235e+00
1.031007472419849513e+01
1.032607874173849005e+01
5.171011903788668818e+00
1.553686312107736001e+01
3.112119706925325247e+01
1.038949339908567637e+01
5.202595304262378484e+00
1.563123402925508110e+01
5.218194150666957576e+00
5.225943045393269593e+00
2.093462931668053884e+01
2.096534514887975931e+01
1.574693756363422459e+01
1.051317056478390377e+01
2.105661521889435406e+01
1.581505191406238353e+01
1.583752494327703531e+01
1.057325202977051859e+01
1.058807247126723894e+01
2.120561915203996506e+01
2.123492319312465426e+01
2.126405349653751031e+01
5.323251604509161794e+00
5.330444559431904317e+00
1.067518257971296158e+01
5.344690827510161668e+00
1.605522655423134282e+01
0.000000000000000000e+00
3.219417785772638751e+01
1.611779101147578430e+01
2.151778148189871587e+01
1.615872096903204280e+01
2.696490377366045976e+01
5.399665538691885480e+00
1.621888058280056910e+01
1.623859066121245220e+01
1.083874885774813990e+01
2.170329977679770295e+01
0.000000000000000000e+00
0.000000000000000000e+00
0.000000000000000000e+00
5.450998507625220313e+00
1.637138510275224590e+01
0.000000000000000000e+00
2.187673036155011275e+01
1.095020844858967912e+01
5.480953685941382325e+00
1.097345911788986683e+01
1.647729121869055291e+01
1.099610954017776088e+01
5.503601172253130613e+00
5.509068113983479620e+00
0.000000000000000000e+00
1.655927255833273293e+01
1.104995376864120082e+01
5.530110591330756442e+00
1.660547112357709665e+01
0.000000000000000000e+00
0.000000000000000000e+00
5.549756561682812617e+00
5.554437600396281205e+00
0.000000000000000000e+00
5.563511332054397407e+00
5.567900579103877590e+00
1.671656725897530293e+01
5.576375086176365237e+00
1.674137038161406466e+01
5.584432407741457105e+00
1.676490032885008219e+01
5.592058065227034191e+00
5.595704424626164908e+00
1.119847464526994330e+01
1.120530975861682599e+01
5.605955200423096585e+00
5.609136377986892796e+00
2.244878596309204610e+01
2.246053441949885965e+01
1.123589154856781569e+01
1.124126208298823393e+01
5.623187438124984894e+00
1.125122597114396683e+01
1.125581139135981168e+01
5.630063571439300141e+00
1.689625382312530988e+01
5.633966791959178266e+00
5.635708105046245642e+00
2.254922608801121697e+01
5.638760012858806903e+00
5.640066543484764772e+00
2.256489630583822503e+01
1.692669171588942945e+01
5.643083988692787933e+00
5.643782284804977678e+00
5.644323418879551468e+00
1.128941070181744877e+01
1.693477812993022269e+01
1.128996692392501799e+01
5.644875577264923727e+00
1.128920073043776462e+01
2.257662323412784744e+01
1.128707979549099960e+01
2.257100252952269770e+01
1.128357204421926774e+01
0.000000000000000000e+00
1.691796859032454137e+01
2.255128158376732728e+01
3.945294323465518005e+01
0.000000000000000000e+00
1.689661872547069166e+01
2.814979797650142856e+01
1.125504438681881147e+01
1.124978438590722796e+01
1.686620332078770090e+01
5.619047139213932063e+00
5.615828519268146302e+00
5.612410170179551905e+00
1.121758075343595884e+01
2.241986981359014308e+01
2.240375898352202100e+01
1.119341126477042359e+01
2.796131762550039568e+01
3.352567122961039559e+01
0.000000000000000000e+00
2.788836950859034047e+01
2.786192335095638484e+01
3.896816045501396530e+01
4.448926985544942170e+01
1.666565808191565523e+01
1.109812137211876504e+01
1.662804446938930525e+01
3.875256421049293465e+01
5.529256900231661831e+00
2.208883726330985198e+01
1.102987366045385365e+01
2.202975391519771975e+01
4.949742016481257423e+01
3.295056356927771901e+01
3.838505588320413153e+01
3.285101438735107138e+01
3.279917324702866210e+01
1.091531644845937699e+01
2.179422623314767549e+01
2.175689353759043954e+01
3.800760792176588154e+01
5.419860865991261534e+01
2.163932344945112263e+01
1.079913606911448198e+01
2.694536110857631073e+01
2.151337332843809591e+01
4.293905075196493470e+01
2.678093153210195965e+01
3.741330837987010938e+01
3.199858582524715445e+01
1.596361339466671936e+01
3.185447496812670920e+01
4.767049926330901144e+01
5.284133889965743514e+00
1.581394491973601824e+01
1.051653205751754250e+01
3.146992662512020544e+01
1.569444296985782294e+01
0.000000000000000000e+00
1.561135620754199138e+01
2.075839423561627228e+01
5.175187118296414646e+00
1.032110450723874351e+01
3.087417128578515602e+01
2.565308663052138627e+01
1.534595997284895752e+01
1.019960937321376804e+01
1.525221889911786910e+01
1.013625291732776468e+01
1.515590059965550829e+01
3.524917177061193740e+01
2.007606244568312448e+01
2.501113861357253043e+01
4.985234296851563940e+00
1.987214960374433659e+01
4.950639172590859616e+00
1.479912545715028038e+01
1.474574284857297179e+01
1.469177672252064148e+01
1.463723430906172496e+01
9.721415356281930542e+00
4.842150172461943569e+00
4.823408188507709582e+00
4.804484390422350870e+00
4.785381502608917259e+00
9.532204616631025473e+00
0.000000000000000000e+00
0.000000000000000000e+00
0.000000000000000000e+00
4.687280107684805408e+00
4.667163084318018740e+00
4.646887604580788533e+00
4.626456820145126159e+00
0.000000000000000000e+00
0.000000000000000000e+00
0.000000000000000000e+00
0.000000000000000000e+00
9.044173497122869776e+00
9.001585529781429784e+00
8.958733442504968281e+00
0.000000000000000000e+00
4.436132353411318618e+00
0.000000000000000000e+00
4.392411739756928668e+00
0.000000000000000000e+00
0.000000000000000000e+00
4.325981605153955911e+00
0.000000000000000000e+00
4.281170947039123043e+00
4.258619416859500184e+00
0.000000000000000000e+00
0.000000000000000000e+00
0.000000000000000000e+00
8.335049398451621627e+00
8.289094802863193223e+00
0.000000000000000000e+00
0.000000000000000000e+00
0.000000000000000000e+00
0.000000000000000000e+00
4.028624975035436151e+00
0.000000000000000000e+00
0.000000000000000000e+00
3.958376279957417587e+00
3.934866315277879334e+00
0.000000000000000000e+00
0.000000000000000000e+00
0.000000000000000000e+00
0.000000000000000000e+00
3.816777512261836591e+00
0.000000000000000000e+00
0.000000000000000000e+00
0.000000000000000000e+00
7.443749307758291245e+00
0.000000000000000000e+00
3.674356522985047668e+00
3.650592777068402572e+00
7.253660792443683114e+00
0.000000000000000000e+00
0.000000000000000000e+00
3.555584482572177851e+00
3.531860418865570228e+00
0.000000000000000000e+00
0.000000000000000000e+00
0.000000000000000000e+00
3.437171371782301144e+00
0.000000000000000000e+00
3.389994022071576296e+00
0.000000000000000000e+00
0.000000000000000000e+00
0.000000000000000000e+00
0.000000000000000000e+00
3.272726261465821462e+00
0.000000000000000000e+00
0.000000000000000000e+00
0.000000000000000000e+00
0.000000000000000000e+00
3.156698292181301380e+00
3.133669965454675577e+00
3.110706426242803246e+00
0.000000000000000000e+00
3.064983026383401921e+00
0.000000000000000000e+00
3.019546216320661891e+00
2.996940722909982480e+00
0.000000000000000000e+00
2.951965992132662198e+00
0.000000000000000000e+00
0.000000000000000000e+00
0.000000000000000000e+00
5.726033497431410879e+00
0.000000000000000000e+00
0.000000000000000000e+00
0.000000000000000000e+00
0.000000000000000000e+00
0.000000000000000000e+00
0.000000000000000000e+00
0.000000000000000000e+00
5.379035724878263203e+00
0.000000000000000000e+00
0.000000000000000000e+00
0.000000000000000000e+00
2.605167122000577873e+00
0.000000000000000000e+00
0.000000000000000000e+00
0.000000000000000000e+00
0.000000000000000000e+00
0.000000000000000000e+00
2.481870811943640120e+00
0.000000000000000000e+00
2.441666974571123472e+00
0.000000000000000000e+00
0.000000000000000000e+00
2.382224546539988719e+00
0.000000000000000000e+00
0.000000000000000000e+00
2.323835774809102972e+00
0.000000000000000000e+00
4.571007503824841223e+00
4.533035054007688025e+00
0.000000000000000000e+00
0.000000000000000000e+00
2.210283538409616000e+00
2.191781764554645573e+00
0.000000000000000000e+00
0.000000000000000000e+00
0.000000000000000000e+00
0.000000000000000000e+00
4.202217138806659591e+00
2.083342661920593031e+00
4.131400097721712683e+00
0.000000000000000000e+00
0.000000000000000000e+00
4.027025727472578254e+00
0.000000000000000000e+00
5.938017011251349508e+00
1.962437323117265375e+00
0.000000000000000000e+00
3.858008292756808455e+00
1.912472448677229764e+00
0.000000000000000000e+00
3.759556297019832627e+00
1.863615201415020906e+00
0.000000000000000000e+00
1.831656683649303785e+00
0.000000000000000000e+00
0.000000000000000000e+00
0.000000000000000000e+00
3.538404108691753258e+00
1.753891352886917776e+00
1.738701171094718667e+00
0.000000000000000000e+00
0.000000000000000000e+00
0.000000000000000000e+00
1.679138136343135468e+00
0.000000000000000000e+00
0.000000000000000000e+00
0.000000000000000000e+00
3.242942956414323064e+00
0.000000000000000000e+00
1.593340174973614909e+00
1.579448304543018544e+00
1.565671598102334805e+00
0.000000000000000000e+00
0.000000000000000000e+00
0.000000000000000000e+00
0.000000000000000000e+00
0.000000000000000000e+00
0.000000000000000000e+00
0.000000000000000000e+00
0.000000000000000000e+00
0.000000000000000000e+00
0.000000000000000000e+00
0.000000000000000000e+00
0.000000000000000000e+00
1.396798690663912046e+00
0.000000000000000000e+00
0.000000000000000000e+00
0.000000000000000000e+00
0.000000000000000000e+00
0.000000000000000000e+00
0.000000000000000000e+00
1.313433968547799369e+00
0.000000000000000000e+00
2.581091440326483522e+00
0.000000000000000000e+00
0.000000000000000000e+00
0.000000000000000000e+00
