path	'/Users/Elisa/Documents/GitHub/Phys359/Compton Scattering/al_40deg.Chn'
start_time	time.struct_time(tm_year=2019, tm_mon=4, tm_mday=1, tm_hour=14, tm_min=31, tm_sec=23, tm_wday=0, tm_yday=91, tm_isdst=-1)
real_time	401.5
live_time	347.96

Channel	Counts
0	0
1	0
2	2
3	0
4	0
5	0
6	0
7	1
8	77
9	90
10	267
11	312
12	305
13	325
14	311
15	345
16	334
17	398
18	382
19	396
20	369
21	401
22	378
23	355
24	361
25	441
26	428
27	487
28	519
29	555
30	590
31	694
32	756
33	813
34	933
35	1006
36	1074
37	1114
38	1069
39	1082
40	982
41	960
42	869
43	867
44	834
45	828
46	841
47	858
48	779
49	816
50	844
51	826
52	875
53	842
54	933
55	925
56	884
57	997
58	942
59	932
60	933
61	881
62	963
63	996
64	970
65	988
66	949
67	934
68	951
69	884
70	961
71	930
72	889
73	932
74	955
75	931
76	960
77	885
78	1005
79	965
80	970
81	1006
82	1013
83	1008
84	1050
85	1060
86	1054
87	1209
88	1135
89	1231
90	1280
91	1326
92	1281
93	1306
94	1369
95	1452
96	1397
97	1382
98	1338
99	1320
100	1216
101	1185
102	1124
103	1067
104	909
105	853
106	847
107	762
108	747
109	688
110	614
111	644
112	553
113	515
114	485
115	478
116	484
117	413
118	404
119	427
120	389
121	388
122	360
123	406
124	379
125	332
126	360
127	345
128	345
129	332
130	326
131	326
132	323
133	307
134	327
135	280
136	309
137	270
138	293
139	255
140	297
141	261
142	299
143	304
144	259
145	277
146	266
147	282
148	260
149	269
150	270
151	277
152	270
153	277
154	242
155	291
156	235
157	242
158	271
159	269
160	263
161	270
162	248
163	291
164	255
165	266
166	253
167	236
168	262
169	245
170	233
171	263
172	225
173	238
174	254
175	252
176	247
177	244
178	217
179	235
180	225
181	219
182	243
183	216
184	216
185	200
186	226
187	220
188	161
189	214
190	198
191	249
192	184
193	207
194	202
195	190
196	172
197	161
198	179
199	185
200	184
201	180
202	193
203	192
204	176
205	178
206	183
207	201
208	177
209	203
210	172
211	216
212	174
213	178
214	161
215	179
216	167
217	187
218	167
219	177
220	176
221	198
222	185
223	191
224	195
225	162
226	201
227	202
228	206
229	177
230	198
231	193
232	175
233	196
234	193
235	207
236	210
237	191
238	167
239	221
240	206
241	227
242	187
243	232
244	221
245	217
246	218
247	242
248	223
249	221
250	241
251	228
252	222
253	289
254	295
255	267
256	299
257	281
258	294
259	300
260	337
261	327
262	335
263	338
264	355
265	396
266	428
267	410
268	390
269	414
270	482
271	483
272	446
273	468
274	509
275	531
276	543
277	552
278	561
279	559
280	545
281	572
282	519
283	520
284	554
285	553
286	536
287	547
288	481
289	482
290	520
291	493
292	432
293	410
294	385
295	405
296	361
297	336
298	294
299	274
300	280
301	294
302	247
303	264
304	204
305	196
306	197
307	167
308	169
309	171
310	180
311	142
312	127
313	165
314	118
315	131
316	113
317	108
318	121
319	107
320	120
321	127
322	120
323	118
324	117
325	128
326	128
327	131
328	109
329	94
330	101
331	104
332	96
333	98
334	87
335	71
336	86
337	94
338	81
339	71
340	84
341	66
342	63
343	59
344	61
345	70
346	61
347	53
348	54
349	48
350	43
351	55
352	41
353	28
354	54
355	41
356	42
357	35
358	30
359	40
360	27
361	26
362	21
363	27
364	22
365	21
366	27
367	31
368	25
369	23
370	18
371	21
372	29
373	12
374	21
375	16
376	19
377	15
378	5
379	8
380	8
381	12
382	8
383	21
384	13
385	11
386	9
387	10
388	13
389	7
390	8
391	5
392	10
393	10
394	4
395	8
396	4
397	9
398	9
399	10
400	9
401	3
402	10
403	8
404	4
405	9
406	7
407	5
408	8
409	6
410	5
411	6
412	8
413	10
414	12
415	10
416	6
417	5
418	1
419	7
420	6
421	10
422	4
423	9
424	7
425	5
426	7
427	8
428	6
429	8
430	11
431	7
432	9
433	6
434	5
435	5
436	5
437	5
438	2
439	3
440	9
441	4
442	5
443	1
444	8
445	4
446	4
447	7
448	5
449	3
450	4
451	11
452	5
453	4
454	10
455	7
456	4
457	3
458	5
459	2
460	5
461	3
462	8
463	6
464	5
465	9
466	1
467	4
468	5
469	8
470	4
471	10
472	11
473	4
474	11
475	7
476	7
477	7
478	4
479	2
480	8
481	6
482	8
483	2
484	3
485	6
486	5
487	5
488	6
489	7
490	6
491	6
492	9
493	4
494	7
495	4
496	1
497	5
498	6
499	4
500	6
501	4
502	6
503	6
504	9
505	3
506	6
507	7
508	5
509	14
510	5
511	11
512	6
513	7
514	3
515	6
516	12
517	6
518	3
519	7
520	7
521	5
522	3
523	3
524	5
525	7
526	4
527	2
528	2
529	2
530	4
531	6
532	6
533	5
534	5
535	5
536	7
537	5
538	6
539	6
540	2
541	5
542	6
543	8
544	8
545	4
546	8
547	4
548	3
549	3
550	5
551	4
552	5
553	3
554	5
555	5
556	9
557	6
558	7
559	4
560	2
561	2
562	6
563	6
564	6
565	3
566	4
567	4
568	5
569	4
570	5
571	2
572	4
573	3
574	6
575	3
576	5
577	4
578	3
579	7
580	7
581	2
582	9
583	2
584	5
585	4
586	7
587	4
588	7
589	6
590	4
591	3
592	7
593	8
594	2
595	6
596	1
597	5
598	7
599	6
600	4
601	1
602	2
603	5
604	5
605	3
606	9
607	1
608	7
609	3
610	6
611	3
612	5
613	3
614	4
615	2
616	5
617	2
618	6
619	10
620	0
621	8
622	6
623	3
624	5
625	1
626	5
627	4
628	5
629	6
630	1
631	6
632	2
633	6
634	5
635	4
636	1
637	4
638	4
639	7
640	2
641	4
642	2
643	4
644	7
645	4
646	8
647	4
648	2
649	2
650	5
651	3
652	0
653	3
654	5
655	5
656	2
657	2
658	3
659	1
660	6
661	3
662	2
663	2
664	2
665	5
666	5
667	2
668	4
669	3
670	4
671	2
672	1
673	2
674	3
675	1
676	6
677	1
678	1
679	3
680	2
681	4
682	5
683	6
684	1
685	2
686	0
687	2
688	2
689	2
690	7
691	3
692	1
693	4
694	3
695	1
696	1
697	1
698	0
699	2
700	1
701	2
702	4
703	0
704	2
705	3
706	1
707	2
708	3
709	2
710	1
711	2
712	4
713	1
714	2
715	1
716	3
717	1
718	2
719	1
720	2
721	1
722	2
723	4
724	3
725	2
726	3
727	2
728	2
729	3
730	3
731	3
732	2
733	0
734	3
735	3
736	5
737	2
738	1
739	2
740	4
741	1
742	3
743	2
744	4
745	2
746	0
747	3
748	4
749	1
750	2
751	3
752	3
753	2
754	1
755	4
756	3
757	3
758	3
759	4
760	0
761	0
762	2
763	4
764	3
765	2
766	4
767	2
768	2
769	2
770	4
771	1
772	4
773	1
774	1
775	4
776	2
777	3
778	4
779	6
780	1
781	3
782	0
783	2
784	2
785	3
786	4
787	1
788	4
789	1
790	2
791	2
792	0
793	6
794	2
795	4
796	2
797	3
798	4
799	10
800	4
801	3
802	4
803	2
804	2
805	4
806	2
807	6
808	5
809	8
810	8
811	4
812	3
813	1
814	4
815	6
816	3
817	2
818	6
819	4
820	3
821	6
822	2
823	6
824	4
825	4
826	3
827	5
828	2
829	3
830	4
831	1
832	2
833	2
834	2
835	2
836	4
837	3
838	4
839	2
840	3
841	2
842	1
843	2
844	0
845	4
846	3
847	1
848	3
849	0
850	2
851	1
852	3
853	4
854	3
855	1
856	1
857	0
858	0
859	1
860	1
861	0
862	1
863	1
864	0
865	1
866	1
867	0
868	0
869	0
870	1
871	0
872	0
873	0
874	1
875	0
876	0
877	1
878	0
879	0
880	0
881	0
882	1
883	0
884	0
885	0
886	0
887	0
888	0
889	0
890	0
891	0
892	2
893	0
894	0
895	0
896	1
897	1
898	0
899	0
900	0
901	0
902	0
903	0
904	0
905	0
906	0
907	1
908	0
909	0
910	0
911	1
912	0
913	1
914	0
915	0
916	0
917	0
918	0
919	1
920	0
921	1
922	0
923	1
924	0
925	0
926	1
927	0
928	0
929	0
930	1
931	0
932	0
933	0
934	0
935	1
936	0
937	0
938	1
939	0
940	0
941	0
942	0
943	0
944	1
945	1
946	0
947	1
948	0
949	1
950	0
951	0
952	0
953	1
954	0
955	0
956	1
957	0
958	0
959	0
960	1
961	1
962	0
963	0
964	0
965	0
966	0
967	0
968	1
969	1
970	0
971	0
972	0
973	1
974	0
975	1
976	2
977	0
978	2
979	0
980	1
981	1
982	0
983	2
984	1
985	0
986	3
987	1
988	0
989	0
990	1
991	1
992	2
993	0
994	1
995	0
996	0
997	0
998	0
999	0
1000	0
1001	1
1002	1
1003	0
1004	1
1005	0
1006	0
1007	1
1008	0
1009	0
1010	0
1011	2
1012	0
1013	1
1014	0
1015	1
1016	0
1017	1
1018	0
1019	1
1020	0
1021	0
1022	0
1023	0
