0.000000000000000000e+00
-4.000000000000000000e+00
1.000000000000000000e+00
0.000000000000000000e+00
0.000000000000000000e+00
0.000000000000000000e+00
0.000000000000000000e+00
2.000000000000000000e+00
-8.300000000000000000e+01
-1.270000000000000000e+02
-4.440000000000000000e+02
-5.050000000000000000e+02
-4.990000000000000000e+02
-5.340000000000000000e+02
-3.330000000000000000e+02
-6.220000000000000000e+02
-4.630000000000000000e+02
-6.680000000000000000e+02
-6.580000000000000000e+02
-7.840000000000000000e+02
-7.400000000000000000e+02
-4.640000000000000000e+02
-5.550000000000000000e+02
-5.590000000000000000e+02
-5.390000000000000000e+02
-4.050000000000000000e+02
-4.700000000000000000e+02
-6.520000000000000000e+02
-6.150000000000000000e+02
-6.200000000000000000e+02
-6.590000000000000000e+02
-6.530000000000000000e+02
-1.380000000000000000e+03
-1.902000000000000000e+03
-2.012000000000000000e+03
-2.362000000000000000e+03
-2.502000000000000000e+03
-2.335000000000000000e+03
-2.156000000000000000e+03
-1.879000000000000000e+03
-1.527000000000000000e+03
-1.609000000000000000e+03
-1.539000000000000000e+03
-1.417000000000000000e+03
-1.313000000000000000e+03
-1.077000000000000000e+03
-7.660000000000000000e+02
-7.710000000000000000e+02
-7.050000000000000000e+02
-4.700000000000000000e+02
-4.190000000000000000e+02
-1.720000000000000000e+02
-3.580000000000000000e+02
-4.460000000000000000e+02
-4.560000000000000000e+02
-5.180000000000000000e+02
-4.430000000000000000e+02
-4.920000000000000000e+02
-5.550000000000000000e+02
-4.550000000000000000e+02
-4.100000000000000000e+02
-4.420000000000000000e+02
-6.050000000000000000e+02
-2.730000000000000000e+02
-4.410000000000000000e+02
-4.800000000000000000e+02
-4.140000000000000000e+02
-4.670000000000000000e+02
-5.140000000000000000e+02
-2.600000000000000000e+02
-5.750000000000000000e+02
-5.210000000000000000e+02
-5.010000000000000000e+02
-6.290000000000000000e+02
-6.770000000000000000e+02
-4.990000000000000000e+02
-4.200000000000000000e+02
-5.470000000000000000e+02
-5.210000000000000000e+02
-6.100000000000000000e+02
-4.730000000000000000e+02
-7.910000000000000000e+02
-3.730000000000000000e+02
-5.510000000000000000e+02
-4.810000000000000000e+02
-5.160000000000000000e+02
-4.890000000000000000e+02
-5.960000000000000000e+02
-6.250000000000000000e+02
-4.310000000000000000e+02
-7.040000000000000000e+02
-5.550000000000000000e+02
-5.400000000000000000e+02
-7.420000000000000000e+02
-6.170000000000000000e+02
-4.900000000000000000e+02
-5.910000000000000000e+02
-6.250000000000000000e+02
-7.110000000000000000e+02
-5.420000000000000000e+02
-6.110000000000000000e+02
-6.470000000000000000e+02
-6.730000000000000000e+02
-4.430000000000000000e+02
-5.900000000000000000e+02
-5.880000000000000000e+02
-6.130000000000000000e+02
-7.400000000000000000e+02
-5.100000000000000000e+02
-5.570000000000000000e+02
-4.240000000000000000e+02
-3.480000000000000000e+02
-5.130000000000000000e+02
-5.110000000000000000e+02
-5.160000000000000000e+02
-5.160000000000000000e+02
-5.460000000000000000e+02
-5.810000000000000000e+02
-6.080000000000000000e+02
-5.500000000000000000e+02
-6.330000000000000000e+02
-4.620000000000000000e+02
-3.850000000000000000e+02
-6.920000000000000000e+02
-5.500000000000000000e+02
-3.830000000000000000e+02
-5.850000000000000000e+02
-4.010000000000000000e+02
-4.100000000000000000e+02
-6.260000000000000000e+02
-4.830000000000000000e+02
-5.030000000000000000e+02
-6.520000000000000000e+02
-5.730000000000000000e+02
-4.810000000000000000e+02
-3.410000000000000000e+02
-5.310000000000000000e+02
-5.330000000000000000e+02
-4.720000000000000000e+02
-6.380000000000000000e+02
-6.140000000000000000e+02
-4.160000000000000000e+02
-4.230000000000000000e+02
-6.160000000000000000e+02
-5.330000000000000000e+02
-6.280000000000000000e+02
-5.390000000000000000e+02
-5.690000000000000000e+02
-3.910000000000000000e+02
-4.180000000000000000e+02
-3.890000000000000000e+02
-4.090000000000000000e+02
-5.430000000000000000e+02
-5.920000000000000000e+02
-4.710000000000000000e+02
-4.880000000000000000e+02
-5.820000000000000000e+02
-6.260000000000000000e+02
-4.020000000000000000e+02
-6.410000000000000000e+02
-4.220000000000000000e+02
-5.370000000000000000e+02
-5.280000000000000000e+02
-6.090000000000000000e+02
-4.870000000000000000e+02
-5.650000000000000000e+02
-6.400000000000000000e+02
-4.760000000000000000e+02
-2.200000000000000000e+02
-2.680000000000000000e+02
-3.820000000000000000e+02
-3.500000000000000000e+02
-4.940000000000000000e+02
-2.010000000000000000e+02
-4.270000000000000000e+02
-3.010000000000000000e+02
-4.930000000000000000e+02
-2.610000000000000000e+02
-4.560000000000000000e+02
-4.970000000000000000e+02
-4.360000000000000000e+02
-6.400000000000000000e+02
-5.410000000000000000e+02
-4.550000000000000000e+02
-4.690000000000000000e+02
-4.350000000000000000e+02
-5.830000000000000000e+02
-2.960000000000000000e+02
-4.590000000000000000e+02
-4.580000000000000000e+02
-4.580000000000000000e+02
-5.300000000000000000e+02
-3.190000000000000000e+02
-3.990000000000000000e+02
-4.400000000000000000e+02
-3.860000000000000000e+02
-3.540000000000000000e+02
-5.020000000000000000e+02
-5.630000000000000000e+02
-3.200000000000000000e+02
-2.710000000000000000e+02
-4.880000000000000000e+02
-5.870000000000000000e+02
-4.350000000000000000e+02
-4.140000000000000000e+02
-4.420000000000000000e+02
-5.910000000000000000e+02
-4.410000000000000000e+02
-4.430000000000000000e+02
-3.950000000000000000e+02
-3.070000000000000000e+02
-5.220000000000000000e+02
-3.550000000000000000e+02
-3.110000000000000000e+02
-4.130000000000000000e+02
-3.240000000000000000e+02
-4.970000000000000000e+02
-3.050000000000000000e+02
-6.090000000000000000e+02
-5.960000000000000000e+02
-1.340000000000000000e+02
-4.070000000000000000e+02
-3.860000000000000000e+02
-2.750000000000000000e+02
-4.500000000000000000e+02
-4.450000000000000000e+02
-4.010000000000000000e+02
-4.160000000000000000e+02
-4.680000000000000000e+02
-5.060000000000000000e+02
-5.680000000000000000e+02
-4.870000000000000000e+02
-4.360000000000000000e+02
-5.100000000000000000e+02
-4.380000000000000000e+02
-4.770000000000000000e+02
-4.880000000000000000e+02
-3.850000000000000000e+02
-6.340000000000000000e+02
-6.210000000000000000e+02
-5.190000000000000000e+02
-4.900000000000000000e+02
-4.280000000000000000e+02
-6.400000000000000000e+02
-4.410000000000000000e+02
-5.060000000000000000e+02
-4.280000000000000000e+02
-4.850000000000000000e+02
-4.510000000000000000e+02
-5.180000000000000000e+02
-2.790000000000000000e+02
-6.100000000000000000e+02
-6.310000000000000000e+02
-5.280000000000000000e+02
-5.420000000000000000e+02
-5.870000000000000000e+02
-4.550000000000000000e+02
-4.470000000000000000e+02
-5.440000000000000000e+02
-3.350000000000000000e+02
-4.830000000000000000e+02
-4.860000000000000000e+02
-4.580000000000000000e+02
-4.750000000000000000e+02
-4.820000000000000000e+02
-4.800000000000000000e+02
-6.000000000000000000e+02
-5.090000000000000000e+02
-3.890000000000000000e+02
-4.260000000000000000e+02
-3.990000000000000000e+02
-4.130000000000000000e+02
-3.700000000000000000e+02
-6.360000000000000000e+02
-4.970000000000000000e+02
-3.640000000000000000e+02
-5.590000000000000000e+02
-4.240000000000000000e+02
-2.650000000000000000e+02
-4.720000000000000000e+02
-5.970000000000000000e+02
-5.060000000000000000e+02
-4.840000000000000000e+02
-5.110000000000000000e+02
-4.640000000000000000e+02
-5.620000000000000000e+02
-5.490000000000000000e+02
-4.540000000000000000e+02
-2.930000000000000000e+02
-4.880000000000000000e+02
-3.710000000000000000e+02
-4.880000000000000000e+02
-4.100000000000000000e+02
-5.460000000000000000e+02
-2.360000000000000000e+02
-3.220000000000000000e+02
-3.590000000000000000e+02
-3.900000000000000000e+02
-3.900000000000000000e+02
-4.030000000000000000e+02
-4.350000000000000000e+02
-2.430000000000000000e+02
-2.900000000000000000e+02
-3.330000000000000000e+02
-3.020000000000000000e+02
-2.520000000000000000e+02
-3.760000000000000000e+02
-1.770000000000000000e+02
-1.940000000000000000e+02
-1.290000000000000000e+02
-1.810000000000000000e+02
-2.610000000000000000e+02
-1.690000000000000000e+02
-1.200000000000000000e+02
-1.840000000000000000e+02
-2.230000000000000000e+02
-1.400000000000000000e+02
-9.500000000000000000e+01
-1.020000000000000000e+02
-2.100000000000000000e+01
-2.650000000000000000e+02
-3.900000000000000000e+01
-9.500000000000000000e+01
-7.000000000000000000e+00
-5.500000000000000000e+01
-3.200000000000000000e+01
4.400000000000000000e+01
1.500000000000000000e+01
8.100000000000000000e+01
7.100000000000000000e+01
1.390000000000000000e+02
5.600000000000000000e+01
1.990000000000000000e+02
1.480000000000000000e+02
2.650000000000000000e+02
1.100000000000000000e+02
2.540000000000000000e+02
1.780000000000000000e+02
3.260000000000000000e+02
2.880000000000000000e+02
2.320000000000000000e+02
2.620000000000000000e+02
3.250000000000000000e+02
3.430000000000000000e+02
3.020000000000000000e+02
3.740000000000000000e+02
2.830000000000000000e+02
2.550000000000000000e+02
1.600000000000000000e+02
1.390000000000000000e+02
2.590000000000000000e+02
2.910000000000000000e+02
2.710000000000000000e+02
3.600000000000000000e+01
3.700000000000000000e+01
3.500000000000000000e+01
4.200000000000000000e+01
5.300000000000000000e+01
-9.400000000000000000e+01
-1.590000000000000000e+02
-2.870000000000000000e+02
-1.060000000000000000e+02
-2.070000000000000000e+02
-2.800000000000000000e+02
-2.830000000000000000e+02
-3.880000000000000000e+02
-3.840000000000000000e+02
-4.340000000000000000e+02
-5.270000000000000000e+02
-3.900000000000000000e+02
-4.590000000000000000e+02
-5.110000000000000000e+02
-3.220000000000000000e+02
-5.430000000000000000e+02
-3.460000000000000000e+02
-4.110000000000000000e+02
-3.580000000000000000e+02
-4.020000000000000000e+02
-3.140000000000000000e+02
-2.390000000000000000e+02
-2.680000000000000000e+02
-2.160000000000000000e+02
-2.360000000000000000e+02
-2.570000000000000000e+02
-2.900000000000000000e+02
-1.780000000000000000e+02
-2.000000000000000000e+02
-9.200000000000000000e+01
-1.110000000000000000e+02
-1.760000000000000000e+02
-7.700000000000000000e+01
-7.800000000000000000e+01
-8.400000000000000000e+01
-2.400000000000000000e+01
-7.300000000000000000e+01
-5.100000000000000000e+01
-2.900000000000000000e+01
-1.500000000000000000e+01
3.000000000000000000e+00
-5.700000000000000000e+01
-8.000000000000000000e+00
-1.900000000000000000e+01
-2.800000000000000000e+01
-1.100000000000000000e+01
-5.000000000000000000e+00
1.400000000000000000e+01
-1.000000000000000000e+00
-7.000000000000000000e+00
-1.400000000000000000e+01
-8.000000000000000000e+00
0.000000000000000000e+00
-5.000000000000000000e+00
7.000000000000000000e+00
-1.000000000000000000e+01
7.000000000000000000e+00
-8.000000000000000000e+00
-1.000000000000000000e+01
-1.000000000000000000e+00
2.000000000000000000e+00
-8.000000000000000000e+00
-3.000000000000000000e+00
-3.000000000000000000e+00
-3.000000000000000000e+00
-1.000000000000000000e+00
-1.000000000000000000e+00
-2.000000000000000000e+00
4.000000000000000000e+00
-2.000000000000000000e+00
7.000000000000000000e+00
-6.000000000000000000e+00
-1.000000000000000000e+00
0.000000000000000000e+00
2.000000000000000000e+00
-5.000000000000000000e+00
-2.000000000000000000e+00
-2.000000000000000000e+00
1.000000000000000000e+00
-6.000000000000000000e+00
-7.000000000000000000e+00
-1.000000000000000000e+00
-1.400000000000000000e+01
2.000000000000000000e+00
-7.000000000000000000e+00
-1.200000000000000000e+01
5.000000000000000000e+00
0.000000000000000000e+00
0.000000000000000000e+00
4.000000000000000000e+00
-3.000000000000000000e+00
2.000000000000000000e+00
-6.000000000000000000e+00
-2.000000000000000000e+00
-4.000000000000000000e+00
-9.000000000000000000e+00
-5.000000000000000000e+00
1.000000000000000000e+00
1.000000000000000000e+00
5.000000000000000000e+00
1.300000000000000000e+01
-5.000000000000000000e+00
-3.000000000000000000e+00
4.000000000000000000e+00
7.000000000000000000e+00
0.000000000000000000e+00
-2.000000000000000000e+00
-7.000000000000000000e+00
1.000000000000000000e+00
-8.000000000000000000e+00
-4.000000000000000000e+00
-7.000000000000000000e+00
8.000000000000000000e+00
-3.000000000000000000e+00
-2.000000000000000000e+00
-2.000000000000000000e+00
-5.000000000000000000e+00
-3.000000000000000000e+00
-5.000000000000000000e+00
2.000000000000000000e+00
0.000000000000000000e+00
-4.000000000000000000e+00
-6.000000000000000000e+00
6.000000000000000000e+00
0.000000000000000000e+00
-1.300000000000000000e+01
4.000000000000000000e+00
8.000000000000000000e+00
-4.000000000000000000e+00
2.000000000000000000e+00
-6.000000000000000000e+00
2.000000000000000000e+00
-4.000000000000000000e+00
-4.000000000000000000e+00
2.000000000000000000e+00
0.000000000000000000e+00
2.000000000000000000e+00
-3.000000000000000000e+00
-1.000000000000000000e+01
3.000000000000000000e+00
1.000000000000000000e+00
-3.000000000000000000e+00
1.000000000000000000e+00
-1.100000000000000000e+01
0.000000000000000000e+00
-6.000000000000000000e+00
4.000000000000000000e+00
0.000000000000000000e+00
-5.000000000000000000e+00
6.000000000000000000e+00
-2.000000000000000000e+00
0.000000000000000000e+00
0.000000000000000000e+00
-3.000000000000000000e+00
-3.000000000000000000e+00
-3.000000000000000000e+00
-7.000000000000000000e+00
-3.000000000000000000e+00
-6.000000000000000000e+00
-6.000000000000000000e+00
-1.000000000000000000e+00
-7.000000000000000000e+00
-8.000000000000000000e+00
0.000000000000000000e+00
-3.000000000000000000e+00
-8.000000000000000000e+00
3.000000000000000000e+00
-4.000000000000000000e+00
-1.000000000000000000e+00
1.000000000000000000e+00
7.000000000000000000e+00
-4.000000000000000000e+00
2.000000000000000000e+00
-4.000000000000000000e+00
3.000000000000000000e+00
-3.000000000000000000e+00
1.000000000000000000e+00
-3.000000000000000000e+00
7.000000000000000000e+00
-5.000000000000000000e+00
0.000000000000000000e+00
6.000000000000000000e+00
0.000000000000000000e+00
-7.000000000000000000e+00
-1.000000000000000000e+00
-7.000000000000000000e+00
6.000000000000000000e+00
7.000000000000000000e+00
-1.000000000000000000e+00
-6.000000000000000000e+00
-1.000000000000000000e+00
-3.000000000000000000e+00
-8.000000000000000000e+00
2.000000000000000000e+00
-2.000000000000000000e+00
-1.000000000000000000e+00
-1.000000000000000000e+00
-1.000000000000000000e+00
-3.000000000000000000e+00
1.000000000000000000e+00
-5.000000000000000000e+00
5.000000000000000000e+00
4.000000000000000000e+00
-5.000000000000000000e+00
1.000000000000000000e+00
-2.000000000000000000e+00
0.000000000000000000e+00
5.000000000000000000e+00
2.000000000000000000e+00
-2.000000000000000000e+00
0.000000000000000000e+00
-4.000000000000000000e+00
5.000000000000000000e+00
-2.000000000000000000e+00
0.000000000000000000e+00
0.000000000000000000e+00
-1.000000000000000000e+00
-5.000000000000000000e+00
4.000000000000000000e+00
0.000000000000000000e+00
4.000000000000000000e+00
3.000000000000000000e+00
4.000000000000000000e+00
1.000000000000000000e+00
4.000000000000000000e+00
1.000000000000000000e+00
1.000000000000000000e+00
-2.000000000000000000e+00
1.000000000000000000e+00
9.000000000000000000e+00
2.000000000000000000e+00
-1.000000000000000000e+00
3.000000000000000000e+00
0.000000000000000000e+00
-8.000000000000000000e+00
4.000000000000000000e+00
-1.000000000000000000e+00
6.000000000000000000e+00
1.000000000000000000e+00
-6.000000000000000000e+00
-6.000000000000000000e+00
-5.000000000000000000e+00
8.000000000000000000e+00
-3.000000000000000000e+00
1.000000000000000000e+00
-5.000000000000000000e+00
4.000000000000000000e+00
2.000000000000000000e+00
-4.000000000000000000e+00
-4.000000000000000000e+00
0.000000000000000000e+00
-5.000000000000000000e+00
-1.000000000000000000e+00
-3.000000000000000000e+00
-3.000000000000000000e+00
-1.000000000000000000e+00
1.000000000000000000e+00
0.000000000000000000e+00
1.000000000000000000e+00
-6.000000000000000000e+00
2.000000000000000000e+00
0.000000000000000000e+00
2.000000000000000000e+00
2.000000000000000000e+00
2.000000000000000000e+00
0.000000000000000000e+00
4.000000000000000000e+00
2.000000000000000000e+00
1.000000000000000000e+00
-2.000000000000000000e+00
-2.000000000000000000e+00
1.000000000000000000e+00
2.000000000000000000e+00
-3.000000000000000000e+00
-2.000000000000000000e+00
-3.000000000000000000e+00
2.000000000000000000e+00
4.000000000000000000e+00
2.000000000000000000e+00
-2.000000000000000000e+00
-2.000000000000000000e+00
1.000000000000000000e+00
-2.000000000000000000e+00
3.000000000000000000e+00
0.000000000000000000e+00
-3.000000000000000000e+00
0.000000000000000000e+00
-2.000000000000000000e+00
-1.000000000000000000e+00
-4.000000000000000000e+00
-4.000000000000000000e+00
3.000000000000000000e+00
-1.000000000000000000e+00
1.000000000000000000e+00
-6.000000000000000000e+00
-5.000000000000000000e+00
-3.000000000000000000e+00
-4.000000000000000000e+00
2.000000000000000000e+00
5.000000000000000000e+00
1.000000000000000000e+00
2.000000000000000000e+00
-4.000000000000000000e+00
4.000000000000000000e+00
3.000000000000000000e+00
-1.000000000000000000e+00
0.000000000000000000e+00
0.000000000000000000e+00
-4.000000000000000000e+00
1.000000000000000000e+00
4.000000000000000000e+00
-1.000000000000000000e+00
-2.000000000000000000e+00
4.000000000000000000e+00
1.000000000000000000e+00
-4.000000000000000000e+00
-3.000000000000000000e+00
-2.000000000000000000e+00
2.000000000000000000e+00
3.000000000000000000e+00
0.000000000000000000e+00
0.000000000000000000e+00
1.000000000000000000e+00
3.000000000000000000e+00
-1.000000000000000000e+00
2.000000000000000000e+00
-5.000000000000000000e+00
2.000000000000000000e+00
1.000000000000000000e+00
0.000000000000000000e+00
0.000000000000000000e+00
4.000000000000000000e+00
1.000000000000000000e+00
2.000000000000000000e+00
0.000000000000000000e+00
-1.000000000000000000e+00
1.000000000000000000e+00
-2.000000000000000000e+00
-3.000000000000000000e+00
2.000000000000000000e+00
0.000000000000000000e+00
-5.000000000000000000e+00
-1.000000000000000000e+00
0.000000000000000000e+00
2.000000000000000000e+00
-3.000000000000000000e+00
3.000000000000000000e+00
-2.000000000000000000e+00
0.000000000000000000e+00
3.000000000000000000e+00
0.000000000000000000e+00
2.000000000000000000e+00
1.000000000000000000e+00
0.000000000000000000e+00
-3.000000000000000000e+00
-1.000000000000000000e+00
0.000000000000000000e+00
2.000000000000000000e+00
0.000000000000000000e+00
1.000000000000000000e+00
1.000000000000000000e+00
-1.000000000000000000e+00
0.000000000000000000e+00
-4.000000000000000000e+00
3.000000000000000000e+00
-1.000000000000000000e+00
-1.000000000000000000e+00
3.000000000000000000e+00
-1.000000000000000000e+00
-2.000000000000000000e+00
2.000000000000000000e+00
-2.000000000000000000e+00
0.000000000000000000e+00
0.000000000000000000e+00
0.000000000000000000e+00
-2.000000000000000000e+00
0.000000000000000000e+00
-1.000000000000000000e+00
-3.000000000000000000e+00
1.000000000000000000e+00
-3.000000000000000000e+00
-1.000000000000000000e+00
-2.000000000000000000e+00
-2.000000000000000000e+00
-3.000000000000000000e+00
0.000000000000000000e+00
1.000000000000000000e+00
-2.000000000000000000e+00
-1.000000000000000000e+00
2.000000000000000000e+00
-2.000000000000000000e+00
-2.000000000000000000e+00
-4.000000000000000000e+00
1.000000000000000000e+00
-1.000000000000000000e+00
-6.000000000000000000e+00
-2.000000000000000000e+00
0.000000000000000000e+00
-2.000000000000000000e+00
2.000000000000000000e+00
2.000000000000000000e+00
1.000000000000000000e+00
-3.000000000000000000e+00
-1.000000000000000000e+00
1.000000000000000000e+00
2.000000000000000000e+00
-4.000000000000000000e+00
-3.000000000000000000e+00
-2.000000000000000000e+00
0.000000000000000000e+00
-1.000000000000000000e+00
-1.000000000000000000e+00
-1.000000000000000000e+00
-2.000000000000000000e+00
0.000000000000000000e+00
-2.000000000000000000e+00
2.000000000000000000e+00
1.000000000000000000e+00
-5.000000000000000000e+00
0.000000000000000000e+00
3.000000000000000000e+00
-2.000000000000000000e+00
4.000000000000000000e+00
3.000000000000000000e+00
-1.000000000000000000e+00
3.000000000000000000e+00
-2.000000000000000000e+00
-2.000000000000000000e+00
2.000000000000000000e+00
-1.000000000000000000e+00
-2.000000000000000000e+00
0.000000000000000000e+00
4.000000000000000000e+00
1.000000000000000000e+00
-2.000000000000000000e+00
-2.000000000000000000e+00
-1.000000000000000000e+00
0.000000000000000000e+00
-2.000000000000000000e+00
-7.000000000000000000e+00
-3.000000000000000000e+00
0.000000000000000000e+00
0.000000000000000000e+00
2.000000000000000000e+00
3.000000000000000000e+00
-1.000000000000000000e+00
0.000000000000000000e+00
-2.000000000000000000e+00
-1.000000000000000000e+00
3.000000000000000000e+00
-3.000000000000000000e+00
4.000000000000000000e+00
2.000000000000000000e+00
0.000000000000000000e+00
0.000000000000000000e+00
1.000000000000000000e+00
0.000000000000000000e+00
4.000000000000000000e+00
0.000000000000000000e+00
0.000000000000000000e+00
1.000000000000000000e+00
-4.000000000000000000e+00
3.000000000000000000e+00
-1.000000000000000000e+00
0.000000000000000000e+00
4.000000000000000000e+00
-4.000000000000000000e+00
-3.000000000000000000e+00
-1.000000000000000000e+00
4.000000000000000000e+00
1.000000000000000000e+00
0.000000000000000000e+00
-3.000000000000000000e+00
-2.000000000000000000e+00
0.000000000000000000e+00
0.000000000000000000e+00
-3.000000000000000000e+00
0.000000000000000000e+00
-1.000000000000000000e+00
2.000000000000000000e+00
2.000000000000000000e+00
0.000000000000000000e+00
-1.000000000000000000e+00
0.000000000000000000e+00
-3.000000000000000000e+00
0.000000000000000000e+00
-1.000000000000000000e+00
-2.000000000000000000e+00
-2.000000000000000000e+00
1.000000000000000000e+00
-2.000000000000000000e+00
2.000000000000000000e+00
3.000000000000000000e+00
0.000000000000000000e+00
1.000000000000000000e+00
-3.000000000000000000e+00
-2.000000000000000000e+00
-1.000000000000000000e+00
0.000000000000000000e+00
2.000000000000000000e+00
1.000000000000000000e+00
0.000000000000000000e+00
-1.000000000000000000e+00
1.000000000000000000e+00
2.000000000000000000e+00
-2.000000000000000000e+00
-2.000000000000000000e+00
2.000000000000000000e+00
0.000000000000000000e+00
1.000000000000000000e+00
0.000000000000000000e+00
0.000000000000000000e+00
-1.000000000000000000e+00
-2.000000000000000000e+00
0.000000000000000000e+00
2.000000000000000000e+00
-1.000000000000000000e+00
0.000000000000000000e+00
0.000000000000000000e+00
0.000000000000000000e+00
0.000000000000000000e+00
0.000000000000000000e+00
-1.000000000000000000e+00
-1.000000000000000000e+00
0.000000000000000000e+00
0.000000000000000000e+00
-1.000000000000000000e+00
-2.000000000000000000e+00
-1.000000000000000000e+00
1.000000000000000000e+00
2.000000000000000000e+00
-1.000000000000000000e+00
0.000000000000000000e+00
1.000000000000000000e+00
1.000000000000000000e+00
-1.000000000000000000e+00
0.000000000000000000e+00
1.000000000000000000e+00
-1.000000000000000000e+00
0.000000000000000000e+00
0.000000000000000000e+00
1.000000000000000000e+00
0.000000000000000000e+00
0.000000000000000000e+00
-1.000000000000000000e+00
0.000000000000000000e+00
0.000000000000000000e+00
0.000000000000000000e+00
0.000000000000000000e+00
0.000000000000000000e+00
-1.000000000000000000e+00
0.000000000000000000e+00
0.000000000000000000e+00
0.000000000000000000e+00
-1.000000000000000000e+00
0.000000000000000000e+00
0.000000000000000000e+00
-1.000000000000000000e+00
0.000000000000000000e+00
1.000000000000000000e+00
0.000000000000000000e+00
2.000000000000000000e+00
0.000000000000000000e+00
0.000000000000000000e+00
0.000000000000000000e+00
0.000000000000000000e+00
0.000000000000000000e+00
0.000000000000000000e+00
0.000000000000000000e+00
0.000000000000000000e+00
0.000000000000000000e+00
2.000000000000000000e+00
0.000000000000000000e+00
1.000000000000000000e+00
-1.000000000000000000e+00
-1.000000000000000000e+00
0.000000000000000000e+00
-1.000000000000000000e+00
0.000000000000000000e+00
1.000000000000000000e+00
0.000000000000000000e+00
0.000000000000000000e+00
0.000000000000000000e+00
0.000000000000000000e+00
0.000000000000000000e+00
0.000000000000000000e+00
1.000000000000000000e+00
1.000000000000000000e+00
0.000000000000000000e+00
0.000000000000000000e+00
0.000000000000000000e+00
0.000000000000000000e+00
1.000000000000000000e+00
1.000000000000000000e+00
1.000000000000000000e+00
-1.000000000000000000e+00
1.000000000000000000e+00
0.000000000000000000e+00
0.000000000000000000e+00
1.000000000000000000e+00
1.000000000000000000e+00
-1.000000000000000000e+00
-2.000000000000000000e+00
3.000000000000000000e+00
0.000000000000000000e+00
1.000000000000000000e+00
2.000000000000000000e+00
-1.000000000000000000e+00
0.000000000000000000e+00
-1.000000000000000000e+00
0.000000000000000000e+00
0.000000000000000000e+00
0.000000000000000000e+00
0.000000000000000000e+00
0.000000000000000000e+00
0.000000000000000000e+00
0.000000000000000000e+00
-1.000000000000000000e+00
1.000000000000000000e+00
-1.000000000000000000e+00
1.000000000000000000e+00
0.000000000000000000e+00
0.000000000000000000e+00
0.000000000000000000e+00
-1.000000000000000000e+00
-1.000000000000000000e+00
1.000000000000000000e+00
0.000000000000000000e+00
0.000000000000000000e+00
0.000000000000000000e+00
0.000000000000000000e+00
0.000000000000000000e+00
2.000000000000000000e+00
-1.000000000000000000e+00
-1.000000000000000000e+00
0.000000000000000000e+00
2.000000000000000000e+00
-1.000000000000000000e+00
0.000000000000000000e+00
0.000000000000000000e+00
-1.000000000000000000e+00
2.000000000000000000e+00
0.000000000000000000e+00
-1.000000000000000000e+00
0.000000000000000000e+00
-1.000000000000000000e+00
0.000000000000000000e+00
1.000000000000000000e+00
0.000000000000000000e+00
-1.000000000000000000e+00
0.000000000000000000e+00
0.000000000000000000e+00
0.000000000000000000e+00
0.000000000000000000e+00
0.000000000000000000e+00
-2.000000000000000000e+00
-1.000000000000000000e+00
-1.000000000000000000e+00
0.000000000000000000e+00
0.000000000000000000e+00
0.000000000000000000e+00
0.000000000000000000e+00
1.000000000000000000e+00
-1.000000000000000000e+00
0.000000000000000000e+00
0.000000000000000000e+00
