0	0
1	0
2	0
3	0
4	0
5	0
6	0
7	1
8	113
9	216
10	754
11	1056
12	1146
13	990
14	723
15	478
16	343
17	306
18	244
19	224
20	212
21	235
22	215
23	196
24	205
25	211
26	212
27	197
28	218
29	265
30	266
31	308
32	374
33	400
34	429
35	485
36	524
37	563
38	559
39	498
40	443
41	404
42	367
43	381
44	297
45	338
46	309
47	286
48	272
49	268
50	260
51	274
52	264
53	272
54	285
55	268
56	257
57	259
58	277
59	285
60	266
61	251
62	258
63	249
64	307
65	284
66	266
67	276
68	282
69	301
70	274
71	265
72	238
73	241
74	266
75	247
76	272
77	231
78	222
79	256
80	276
81	274
82	274
83	250
84	280
85	256
86	235
87	246
88	249
89	232
90	234
91	258
92	248
93	235
94	244
95	276
96	242
97	250
98	215
99	238
100	258
101	274
102	240
103	284
104	255
105	275
106	265
107	274
108	248
109	287
110	277
111	241
112	261
113	270
114	282
115	270
116	249
117	249
118	267
119	243
120	255
121	241
122	235
123	222
124	239
125	219
126	251
127	268
128	192
129	189
130	221
131	221
132	245
133	215
134	197
135	235
136	184
137	195
138	198
139	193
140	186
141	199
142	231
143	202
144	188
145	189
146	198
147	201
148	202
149	190
150	201
151	200
152	196
153	187
154	169
155	206
156	197
157	171
158	181
159	191
160	188
161	180
162	148
163	192
164	163
165	153
166	172
167	164
168	163
169	163
170	161
171	183
172	163
173	178
174	155
175	175
176	184
177	166
178	150
179	154
180	160
181	165
182	183
183	179
184	165
185	179
186	157
187	169
188	153
189	171
190	147
191	183
192	186
193	162
194	163
195	168
196	165
197	172
198	139
199	173
200	168
201	154
202	160
203	156
204	163
205	176
206	139
207	145
208	150
209	161
210	148
211	140
212	151
213	164
214	167
215	127
216	131
217	143
218	140
219	146
220	158
221	131
222	129
223	138
224	157
225	157
226	160
227	136
228	140
229	157
230	138
231	140
232	134
233	138
234	152
235	162
236	147
237	130
238	129
239	146
240	146
241	131
242	136
243	130
244	135
245	147
246	134
247	148
248	132
249	93
250	109
251	122
252	118
253	134
254	112
255	125
256	115
257	101
258	104
259	105
260	101
261	92
262	109
263	90
264	98
265	85
266	77
267	73
268	72
269	85
270	72
271	93
272	75
273	86
274	81
275	70
276	54
277	74
278	61
279	72
280	60
281	52
282	59
283	61
284	68
285	64
286	49
287	58
288	54
289	58
290	55
291	46
292	57
293	60
294	52
295	53
296	52
297	60
298	49
299	66
300	48
301	55
302	41
303	56
304	43
305	43
306	44
307	38
308	44
309	42
310	51
311	41
312	41
313	39
314	49
315	40
316	37
317	45
318	31
319	41
320	36
321	42
322	32
323	48
324	35
325	51
326	40
327	51
328	42
329	49
330	42
331	59
332	63
333	59
334	67
335	67
336	83
337	77
338	87
339	97
340	110
341	107
342	140
343	144
344	145
345	163
346	186
347	233
348	230
349	260
350	253
351	285
352	321
353	310
354	360
355	370
356	408
357	434
358	455
359	473
360	428
361	508
362	493
363	527
364	544
365	521
366	548
367	539
368	548
369	475
370	534
371	516
372	477
373	476
374	466
375	441
376	404
377	387
378	345
379	382
380	266
381	270
382	261
383	268
384	214
385	171
386	166
387	133
388	149
389	105
390	93
391	102
392	87
393	59
394	75
395	48
396	36
397	53
398	32
399	26
400	15
401	23
402	14
403	21
404	12
405	14
406	12
407	16
408	7
409	9
410	11
411	16
412	15
413	6
414	14
415	9
416	11
417	15
418	6
419	8
420	10
421	12
422	10
423	6
424	12
425	5
426	14
427	12
428	11
429	16
430	8
431	15
432	13
433	7
434	8
435	11
436	9
437	5
438	7
439	6
440	9
441	14
442	14
443	11
444	19
445	18
446	8
447	12
448	9
449	14
450	9
451	12
452	10
453	11
454	6
455	10
456	10
457	10
458	11
459	7
460	11
461	9
462	9
463	8
464	8
465	8
466	9
467	8
468	7
469	8
470	15
471	7
472	5
473	11
474	12
475	9
476	13
477	14
478	11
479	10
480	13
481	11
482	9
483	9
484	11
485	10
486	14
487	6
488	11
489	8
490	8
491	10
492	16
493	9
494	14
495	9
496	7
497	6
498	19
499	5
500	6
501	10
502	7
503	7
504	8
505	8
506	13
507	8
508	10
509	4
510	10
511	9
512	12
513	6
514	11
515	7
516	8
517	11
518	14
519	9
520	10
521	8
522	6
523	12
524	8
525	5
526	12
527	9
528	5
529	7
530	6
531	14
532	5
533	4
534	7
535	8
536	9
537	10
538	15
539	9
540	6
541	10
542	9
543	6
544	11
545	5
546	15
547	8
548	13
549	7
550	9
551	7
552	6
553	6
554	10
555	8
556	10
557	10
558	7
559	13
560	6
561	6
562	6
563	3
564	9
565	4
566	8
567	11
568	10
569	8
570	9
571	5
572	10
573	10
574	3
575	10
576	8
577	12
578	14
579	12
580	7
581	9
582	6
583	9
584	10
585	5
586	6
587	8
588	5
589	7
590	12
591	14
592	5
593	6
594	6
595	8
596	11
597	6
598	3
599	6
600	3
601	7
602	4
603	9
604	4
605	8
606	2
607	8
608	8
609	3
610	4
611	4
612	4
613	10
614	8
615	6
616	5
617	4
618	2
619	3
620	4
621	3
622	7
623	2
624	5
625	4
626	5
627	8
628	7
629	4
630	4
631	7
632	4
633	5
634	5
635	6
636	12
637	5
638	8
639	6
640	7
641	3
642	13
643	3
644	6
645	2
646	6
647	4
648	7
649	5
650	4
651	2
652	5
653	6
654	5
655	7
656	2
657	2
658	3
659	9
660	8
661	7
662	5
663	6
664	4
665	7
666	6
667	7
668	6
669	5
670	2
671	2
672	2
673	5
674	5
675	10
676	10
677	8
678	13
679	7
680	10
681	5
682	7
683	4
684	3
685	6
686	2
687	6
688	11
689	5
690	5
691	5
692	6
693	12
694	8
695	15
696	12
697	6
698	13
699	8
700	12
701	6
702	12
703	9
704	12
705	6
706	4
707	8
708	7
709	11
710	3
711	6
712	10
713	7
714	8
715	11
716	5
717	8
718	5
719	10
720	7
721	11
722	5
723	7
724	3
725	6
726	8
727	4
728	5
729	10
730	5
731	8
732	4
733	6
734	7
735	3
736	4
737	5
738	3
739	6
740	3
741	5
742	3
743	3
744	1
745	1
746	0
747	3
748	2
749	3
750	7
751	5
752	3
753	2
754	1
755	4
756	1
757	2
758	2
759	2
760	5
761	2
762	1
763	0
764	0
765	6
766	5
767	1
768	6
769	4
770	2
771	2
772	5
773	2
774	3
775	2
776	3
777	3
778	1
779	4
780	0
781	1
782	3
783	4
784	2
785	1
786	5
787	2
788	3
789	3
790	7
791	3
792	2
793	7
794	2
795	2
796	3
797	3
798	4
799	4
800	4
801	4
802	3
803	2
804	3
805	7
806	5
807	4
808	4
809	4
810	8
811	4
812	3
813	2
814	4
815	3
816	3
817	2
818	3
819	10
820	3
821	2
822	3
823	1
824	3
825	3
826	2
827	0
828	3
829	1
830	1
831	3
832	1
833	1
834	1
835	1
836	2
837	1
838	1
839	1
840	1
841	1
842	0
843	2
844	2
845	0
846	0
847	2
848	0
849	0
850	0
851	0
852	1
853	3
854	3
855	0
856	0
857	0
858	0
859	1
860	1
861	2
862	1
863	1
864	3
865	1
866	2
867	0
868	0
869	0
870	0
871	0
872	1
873	2
874	0
875	0
876	1
877	1
878	2
879	2
880	1
881	1
882	1
883	1
884	1
885	0
886	0
887	1
888	1
889	0
890	2
891	1
892	0
893	1
894	1
895	2
896	1
897	1
898	1
899	1
900	0
901	1
902	0
903	0
904	0
905	1
906	1
907	0
908	1
909	2
910	0
911	1
912	0
913	0
914	2
915	1
916	1
917	1
918	1
919	1
920	1
921	0
922	0
923	1
924	0
925	1
926	0
927	0
928	0
929	0
930	0
931	0
932	0
933	0
934	0
935	1
936	2
937	2
938	2
939	0
940	1
941	2
942	1
943	0
944	0
945	0
946	1
947	1
948	0
949	2
950	2
951	0
952	2
953	1
954	4
955	0
956	1
957	1
958	1
959	2
960	1
961	0
962	1
963	0
964	1
965	0
966	0
967	0
968	0
969	1
970	0
971	0
972	0
973	0
974	0
975	0
976	0
977	0
978	2
979	0
980	0
981	0
982	1
983	1
984	3
985	0
986	1
987	0
988	0
989	1
990	1
991	0
992	3
993	1
994	0
995	1
996	1
997	0
998	2
999	0
1000	1
1001	0
1002	1
1003	0
1004	1
1005	1
1006	3
1007	0
1008	0
1009	0
1010	0
1011	0
1012	0
1013	0
1014	2
1015	0
1016	0
1017	1
1018	0
1019	1
1020	1
1021	0
1022	0
1023	0
