0	0
1	0
2	0
3	0
4	0
5	0
6	0
7	1
8	56
9	87
10	302
11	402
12	475
13	344
14	256
15	167
16	136
17	107
18	103
19	78
20	80
21	76
22	90
23	91
24	100
25	90
26	104
27	98
28	99
29	106
30	129
31	124
32	161
33	196
34	198
35	228
36	232
37	220
38	206
39	200
40	188
41	136
42	130
43	144
44	143
45	146
46	132
47	142
48	125
49	117
50	119
51	134
52	117
53	128
54	123
55	120
56	131
57	108
58	119
59	128
60	136
61	123
62	123
63	133
64	90
65	114
66	110
67	133
68	137
69	126
70	120
71	123
72	117
73	129
74	123
75	116
76	118
77	123
78	112
79	94
80	131
81	93
82	119
83	122
84	118
85	109
86	99
87	115
88	103
89	109
90	109
91	107
92	108
93	97
94	97
95	123
96	99
97	105
98	124
99	106
100	103
101	111
102	107
103	93
104	141
105	101
106	106
107	106
108	97
109	113
110	115
111	107
112	120
113	103
114	102
115	119
116	114
117	98
118	102
119	106
120	94
121	102
122	104
123	102
124	83
125	113
126	94
127	103
128	102
129	100
130	104
131	86
132	103
133	96
134	91
135	93
136	86
137	85
138	98
139	107
140	93
141	81
142	93
143	78
144	91
145	90
146	92
147	83
148	113
149	106
150	103
151	77
152	90
153	71
154	90
155	99
156	89
157	89
158	79
159	94
160	78
161	84
162	82
163	82
164	91
165	67
166	86
167	78
168	92
169	82
170	101
171	82
172	69
173	86
174	84
175	84
176	62
177	95
178	67
179	86
180	80
181	97
182	87
183	102
184	99
185	102
186	81
187	78
188	77
189	80
190	87
191	92
192	71
193	74
194	82
195	69
196	81
197	64
198	59
199	67
200	79
201	73
202	64
203	66
204	58
205	72
206	56
207	59
208	64
209	57
210	53
211	66
212	53
213	57
214	46
215	72
216	65
217	54
218	53
219	63
220	45
221	51
222	49
223	55
224	61
225	55
226	59
227	49
228	58
229	50
230	53
231	65
232	38
233	60
234	50
235	35
236	52
237	49
238	53
239	63
240	46
241	58
242	50
243	42
244	52
245	54
246	52
247	44
248	32
249	42
250	35
251	52
252	37
253	39
254	36
255	34
256	37
257	46
258	34
259	31
260	32
261	30
262	36
263	24
264	29
265	28
266	28
267	25
268	23
269	30
270	28
271	25
272	25
273	26
274	19
275	21
276	21
277	18
278	17
279	23
280	19
281	20
282	23
283	16
284	19
285	22
286	19
287	18
288	13
289	15
290	18
291	6
292	14
293	21
294	15
295	21
296	14
297	16
298	26
299	23
300	17
301	11
302	13
303	9
304	18
305	17
306	13
307	13
308	11
309	12
310	13
311	15
312	11
313	22
314	9
315	18
316	12
317	26
318	15
319	15
320	12
321	19
322	9
323	18
324	12
325	19
326	12
327	23
328	19
329	20
330	19
331	25
332	45
333	40
334	26
335	31
336	33
337	51
338	55
339	55
340	55
341	55
342	63
343	89
344	75
345	103
346	118
347	112
348	100
349	125
350	132
351	146
352	171
353	171
354	148
355	169
356	181
357	189
358	159
359	217
360	197
361	205
362	181
363	192
364	200
365	205
366	168
367	196
368	186
369	177
370	170
371	155
372	173
373	136
374	135
375	130
376	127
377	113
378	97
379	97
380	74
381	64
382	60
383	60
384	53
385	42
386	38
387	33
388	21
389	23
390	20
391	15
392	12
393	7
394	16
395	8
396	6
397	10
398	4
399	4
400	3
401	4
402	3
403	3
404	6
405	6
406	2
407	1
408	4
409	2
410	2
411	2
412	4
413	4
414	0
415	4
416	3
417	4
418	2
419	4
420	2
421	3
422	3
423	0
424	2
425	5
426	2
427	6
428	3
429	5
430	2
431	0
432	3
433	3
434	3
435	3
436	1
437	6
438	1
439	1
440	5
441	4
442	2
443	4
444	0
445	4
446	1
447	1
448	3
449	1
450	0
451	0
452	2
453	1
454	2
455	3
456	3
457	0
458	0
459	0
460	0
461	3
462	1
463	1
464	3
465	1
466	1
467	1
468	3
469	1
470	1
471	2
472	3
473	1
474	1
475	5
476	0
477	3
478	7
479	2
480	1
481	2
482	3
483	2
484	0
485	2
486	3
487	2
488	3
489	1
490	1
491	4
492	2
493	2
494	3
495	4
496	7
497	6
498	2
499	2
500	2
501	4
502	4
503	1
504	2
505	5
506	2
507	3
508	2
509	0
510	3
511	2
512	4
513	3
514	0
515	1
516	0
517	4
518	2
519	1
520	2
521	5
522	2
523	4
524	1
525	4
526	1
527	1
528	1
529	0
530	1
531	1
532	1
533	1
534	2
535	4
536	4
537	3
538	1
539	0
540	5
541	1
542	1
543	1
544	2
545	1
546	1
547	5
548	2
549	2
550	2
551	1
552	1
553	2
554	3
555	3
556	0
557	1
558	3
559	2
560	2
561	2
562	5
563	2
564	0
565	2
566	2
567	6
568	3
569	0
570	1
571	4
572	0
573	4
574	7
575	4
576	3
577	2
578	2
579	4
580	1
581	0
582	1
583	0
584	1
585	3
586	3
587	1
588	1
589	1
590	4
591	2
592	3
593	1
594	3
595	4
596	3
597	2
598	0
599	1
600	1
601	1
602	0
603	3
604	2
605	1
606	1
607	2
608	1
609	6
610	3
611	3
612	1
613	2
614	1
615	2
616	1
617	1
618	4
619	0
620	0
621	0
622	1
623	0
624	1
625	3
626	1
627	2
628	1
629	1
630	3
631	0
632	1
633	1
634	2
635	3
636	5
637	1
638	4
639	2
640	1
641	3
642	1
643	4
644	1
645	0
646	2
647	1
648	2
649	1
650	0
651	1
652	1
653	3
654	2
655	0
656	0
657	0
658	0
659	2
660	1
661	1
662	1
663	3
664	0
665	0
666	1
667	1
668	1
669	0
670	1
671	0
672	1
673	0
674	0
675	2
676	2
677	0
678	0
679	0
680	1
681	1
682	0
683	1
684	0
685	0
686	2
687	0
688	0
689	1
690	0
691	2
692	0
693	1
694	0
695	1
696	0
697	1
698	0
699	2
700	1
701	0
702	0
703	2
704	1
705	0
706	2
707	1
708	1
709	2
710	2
711	1
712	1
713	1
714	2
715	1
716	1
717	2
718	1
719	0
720	1
721	2
722	1
723	0
724	2
725	0
726	0
727	1
728	0
729	3
730	0
731	1
732	2
733	0
734	5
735	3
736	3
737	1
738	0
739	1
740	1
741	2
742	3
743	2
744	2
745	1
746	2
747	0
748	1
749	1
750	0
751	0
752	1
753	0
754	1
755	0
756	3
757	0
758	0
759	2
760	0
761	1
762	1
763	2
764	0
765	1
766	0
767	1
768	1
769	4
770	0
771	0
772	2
773	3
774	2
775	0
776	3
777	1
778	2
779	0
780	1
781	0
782	0
783	2
784	0
785	1
786	0
787	1
788	1
789	2
790	1
791	0
792	3
793	0
794	4
795	2
796	2
797	0
798	4
799	0
800	1
801	1
802	2
803	2
804	1
805	0
806	1
807	2
808	0
809	1
810	3
811	2
812	1
813	1
814	1
815	3
816	2
817	2
818	1
819	1
820	1
821	1
822	0
823	0
824	0
825	1
826	2
827	1
828	1
829	0
830	3
831	2
832	1
833	0
834	0
835	1
836	0
837	0
838	0
839	0
840	1
841	0
842	0
843	2
844	1
845	0
846	2
847	1
848	1
849	0
850	1
851	0
852	0
853	0
854	0
855	0
856	2
857	1
858	1
859	0
860	0
861	1
862	0
863	1
864	0
865	0
866	2
867	0
868	0
869	0
870	0
871	0
872	0
873	1
874	0
875	0
876	0
877	0
878	0
879	0
880	0
881	0
882	0
883	1
884	0
885	0
886	0
887	0
888	0
889	0
890	0
891	0
892	0
893	0
894	0
895	0
896	0
897	1
898	0
899	0
900	0
901	0
902	0
903	0
904	0
905	0
906	0
907	0
908	0
909	0
910	0
911	0
912	1
913	0
914	0
915	0
916	1
917	0
918	0
919	1
920	0
921	2
922	0
923	0
924	2
925	0
926	0
927	0
928	0
929	0
930	0
931	0
932	0
933	0
934	0
935	1
936	1
937	0
938	0
939	1
940	1
941	0
942	0
943	1
944	0
945	1
946	0
947	0
948	0
949	0
950	0
951	0
952	0
953	0
954	0
955	1
956	0
957	2
958	0
959	0
960	0
961	0
962	0
963	1
964	0
965	1
966	0
967	0
968	0
969	1
970	1
971	0
972	0
973	1
974	1
975	0
976	0
977	1
978	0
979	0
980	0
981	0
982	0
983	0
984	0
985	0
986	0
987	0
988	0
989	0
990	0
991	0
992	0
993	0
994	1
995	0
996	0
997	0
998	0
999	0
1000	0
1001	0
1002	2
1003	0
1004	0
1005	0
1006	0
1007	0
1008	1
1009	0
1010	0
1011	0
1012	0
1013	0
1014	0
1015	0
1016	0
1017	0
1018	0
1019	2
1020	0
1021	2
1022	1
1023	0
