
_column0	_column1
-0.1006068750426681	0.0
1.6959444650049764	1.0
3.4924958050526214	3.0
5.289047145100266	1.0
7.08559848514791	0.0
8.882149825195555	0.0
10.6787011652432	0.0
12.475252505290845	2.0
14.27180384533849	517.0
16.068355185386135	778.0
17.86490652543378	2286.0
19.661457865481424	2667.0
21.45800920552907	2745.0
23.254560545576716	2753.0
25.05111188562436	3120.0
26.847663225672004	3313.0
28.644214565719647	3544.0
30.44076590576729	3789.0
32.237317245814936	3874.0
34.03386858586258	3675.0
35.83041992591023	3582.0
37.62697126595787	3196.0
39.42352260600551	3015.0
41.220073946053155	3006.0
43.016625286100805	2956.0
44.81317662614845	2915.0
46.60972796619609	2996.0
48.40627930624374	3217.0
50.20283064629138	3624.0
51.999381986339024	4081.0
53.795933326386674	4900.0
55.592484666434316	6276.0
57.38903600648196	7959.0
59.18558734652961	9559.0
60.98213868657726	11112.0
62.7786900266249	12520.0
64.57524136667254	12652.0
66.37179270672019	12230.0
68.16834404676784	11113.0
69.96489538681548	9769.0
71.76144672686313	8250.0
73.55799806691077	7397.0
75.35454940695841	6861.0
77.15110074700605	6152.0
78.9476520870537	5546.0
80.74420342710135	4781.0
82.540754767149	4139.0
84.33730610719664	3776.0
86.13385744724428	3156.0
87.93040878729192	2919.0
89.72696012733957	2910.0
91.52351146738722	2831.0
93.32006280743487	2854.0
95.11661414748251	2813.0
96.91316548753015	2826.0
98.7097168275778	2986.0
100.50626816762544	3009.0
102.30281950767308	3074.0
104.09937084772073	3077.0
105.89592218776838	3007.0
107.69247352781602	3119.0
109.48902486786366	3154.0
111.2855762079113	3030.0
113.08212754795895	3082.0
114.8786788880066	3065.0
116.67523022805425	3066.0
118.47178156810189	3028.0
120.26833290814953	3074.0
122.06488424819717	3031.0
123.86143558824482	2939.0
125.65798692829246	3074.0
127.45453826834012	3082.0
129.25108960838776	3020.0
131.0476409484354	3101.0
132.84419228848304	3060.0
134.64074362853069	3075.0
136.43729496857833	3058.0
138.23384630862597	3061.0
140.0303976486736	3145.0
141.82694898872126	3179.0
143.62350032876893	3099.0
145.42005166881657	3277.0
147.2166030088642	3286.0
149.01315434891185	3282.0
150.8097056889595	3348.0
152.60625702900714	3381.0
154.40280836905478	3496.0
156.19935970910242	3451.0
157.99591104915007	3538.0
159.7924623891977	3490.0
161.58901372924535	3685.0
163.385565069293	3660.0
165.18211640934064	3751.0
166.9786677493883	3883.0
168.77521908943595	3754.0
170.5717704294836	3955.0
172.36832176953124	3755.0
174.16487310957888	3871.0
175.96142444962652	3758.0
177.75797578967416	3728.0
179.5545271297218	3718.0
181.35107846976945	3647.0
183.1476298098171	3700.0
184.94418114986473	3545.0
186.74073248991238	3385.0
188.53728382996002	3356.0
190.3338351700077	3353.0
192.13038651005533	3340.0
193.92693785010297	3336.0
195.72348919015062	3138.0
197.52004053019826	3133.0
199.3165918702459	3208.0
201.11314321029354	3154.0
202.9096945503412	3235.0
204.70624589038883	3057.0
206.50279723043647	3057.0
208.2993485704841	3027.0
210.09589991053176	2976.0
211.8924512505794	3102.0
213.68900259062707	3121.0
215.4855539306747	3031.0
217.28210527072235	2961.0
219.07865661077	2969.0
220.87520795081764	3093.0
222.67175929086528	2924.0
224.46831063091292	3035.0
226.26486197096057	2929.0
228.0614133110082	2975.0
229.85796465105585	2981.0
231.65451599110347	2908.0
233.4510673311511	2984.0
235.24761867119878	2969.0
237.04417001124642	2913.0
238.84072135129406	2922.0
240.6372726913417	2920.0
242.43382403138935	2863.0
244.230375371437	2908.0
246.02692671148463	2796.0
247.82347805153228	2915.0
249.62002939157992	2856.0
251.41658073162756	2845.0
253.2131320716752	2839.0
255.00968341172285	2892.0
256.8062347517705	2857.0
258.60278609181813	2821.0
260.3993374318658	2800.0
262.1958887719134	2769.0
263.99244011196106	2839.0
265.7889914520087	2754.0
267.58554279205634	2696.0
269.38209413210404	2766.0
271.1786454721517	2792.0
272.97519681219933	2745.0
274.77174815224697	2790.0
276.5682994922946	2742.0
278.36485083234226	2691.0
280.1614021723899	2780.0
281.95795351243754	2775.0
283.7545048524852	2703.0
285.5510561925328	2808.0
287.34760753258047	2681.0
289.1441588726281	2742.0
290.94071021267575	2747.0
292.7372615527234	2773.0
294.53381289277104	2640.0
296.3303642328187	2716.0
298.1269155728663	2732.0
299.92346691291397	2800.0
301.7200182529616	2664.0
303.51656959300925	2721.0
305.3131209330569	2651.0
307.10967227310454	2638.0
308.9062236131522	2778.0
310.7027749531998	2652.0
312.49932629324746	2711.0
314.2958776332951	2740.0
316.0924289733428	2730.0
317.88898031339045	2741.0
319.6855316534381	2763.0
321.48208299348573	2628.0
323.2786343335334	2674.0
325.075185673581	2743.0
326.87173701362866	2704.0
328.6682883536763	2755.0
330.46483969372395	2821.0
332.2613910337716	2778.0
334.05794237381923	2768.0
335.8544937138669	2769.0
337.6510450539145	2668.0
339.44759639396216	2699.0
341.2441477340098	2723.0
343.04069907405744	2742.0
344.8372504141051	2819.0
346.6338017541527	2674.0
348.43035309420037	2737.0
350.226904434248	2877.0
352.02345577429566	2810.0
353.8200071143433	2741.0
355.61655845439094	2699.0
357.4131097944386	2683.0
359.2096611344862	2782.0
361.00621247453387	2747.0
362.80276381458157	2801.0
364.5993151546292	2849.0
366.39586649467685	2688.0
368.1924178347245	2823.0
369.98896917477214	2807.0
371.7855205148198	2814.0
373.5820718548674	2858.0
375.37862319491506	2860.0
377.1751745349627	2762.0
378.97172587501035	2857.0
380.768277215058	2891.0
382.56482855510563	2734.0
384.3613798951533	2855.0
386.1579312352009	2971.0
387.95448257524856	2863.0
389.7510339152962	2695.0
391.54758525534385	2848.0
393.3441365953915	2939.0
395.14068793543913	2845.0
396.9372392754868	2864.0
398.7337906155344	2824.0
400.53034195558206	2868.0
402.3268932956297	2879.0
404.12344463567734	2819.0
405.919995975725	2932.0
407.7165473157727	2851.0
409.51309865582033	2856.0
411.30964999586797	2940.0
413.1062013359156	2951.0
414.90275267596326	3035.0
416.6993040160109	2808.0
418.49585535605854	2768.0
420.2924066961062	2877.0
422.0889580361538	2933.0
423.88550937620147	2853.0
425.6820607162491	2936.0
427.47861205629675	3017.0
429.2751633963444	2882.0
431.07171473639204	2855.0
432.8682660764397	2876.0
434.6648174164873	2793.0
436.46136875653497	2907.0
438.2579200965826	2748.0
440.05447143663025	2894.0
441.8510227766779	2826.0
443.64757411672554	2907.0
445.4441254567732	2831.0
447.2406767968208	2722.0
449.03722813686846	2740.0
450.8337794769161	2801.0
452.63033081696375	2744.0
454.42688215701145	2791.0
456.2234334970591	2723.0
458.01998483710673	2814.0
459.8165361771544	2681.0
461.6130875172021	2720.0
463.4096388572497	2632.0
465.20619019729736	2606.0
467.002741537345	2552.0
468.79929287739265	2583.0
470.5958442174403	2594.0
472.39239555748793	2604.0
474.1889468975356	2574.0
475.9854982375832	2469.0
477.78204957763086	2457.0
479.5786009176785	2444.0
481.37515225772614	2387.0
483.1717035977738	2310.0
484.9682549378214	2388.0
486.76480627786907	2466.0
488.5613576179167	2403.0
490.35790895796436	2366.0
492.154460298012	2224.0
493.95101163805964	2284.0
495.7475629781073	2233.0
497.5441143181549	2129.0
499.34066565820257	2158.0
501.1372169982502	2130.0
502.93376833829785	2068.0
504.73031967834555	2066.0
506.5268710183932	2060.0
508.32342235844084	2046.0
510.1199736984885	2014.0
511.9165250385361	2023.0
513.7130763785838	1910.0
515.5096277186314	1852.0
517.306179058679	1908.0
519.1027303987266	1824.0
520.8992817387743	1832.0
522.6958330788219	1779.0
524.4923844188696	1781.0
526.2889357589172	1685.0
528.0854870989649	1656.0
529.8820384390126	1588.0
531.6785897790602	1609.0
533.4751411191079	1469.0
535.2716924591555	1507.0
537.0682437992032	1421.0
538.8647951392508	1389.0
540.6613464792985	1331.0
542.457897819346	1332.0
544.2544491593937	1388.0
546.0510004994413	1346.0
547.847551839489	1276.0
549.6441031795366	1254.0
551.4406545195843	1303.0
553.2372058596319	1231.0
555.0337571996796	1241.0
556.8303085397272	1124.0
558.6268598797749	1169.0
560.4234112198225	1164.0
562.2199625598702	1129.0
564.0165138999178	1099.0
565.8130652399655	1124.0
567.609616580013	1109.0
569.4061679200607	1082.0
571.2027192601083	1118.0
572.999270600156	1098.0
574.7958219402037	1124.0
576.5923732802513	1155.0
578.388924620299	1141.0
580.1854759603466	1049.0
581.9820273003943	1127.0
583.7785786404419	1089.0
585.5751299804896	1099.0
587.3716813205372	1198.0
589.1682326605849	1151.0
590.9647840006324	1125.0
592.7613353406801	1136.0
594.5578866807277	1226.0
596.3544380207754	1165.0
598.150989360823	1163.0
599.9475407008707	1114.0
601.7440920409183	1204.0
603.540643380966	1213.0
605.3371947210136	1195.0
607.1337460610613	1190.0
608.9302974011089	1206.0
610.7268487411566	1214.0
612.5234000812042	1217.0
614.3199514212519	1234.0
616.1165027612994	1319.0
617.9130541013471	1213.0
619.7096054413947	1244.0
621.5061567814424	1245.0
623.3027081214901	1210.0
625.0992594615377	1243.0
626.8958108015854	1235.0
628.692362141633	1257.0
630.4889134816807	1290.0
632.2854648217283	1276.0
634.082016161776	1212.0
635.8785675018236	1219.0
637.6751188418713	1313.0
639.4716701819189	1209.0
641.2682215219666	1278.0
643.0647728620141	1276.0
644.8613242020618	1302.0
646.6578755421094	1252.0
648.4544268821571	1242.0
650.2509782222047	1148.0
652.0475295622524	1153.0
653.8440809023	1125.0
655.6406322423477	1073.0
657.4371835823953	1107.0
659.233734922443	1098.0
661.0302862624906	1007.0
662.8268376025383	975.0
664.6233889425858	976.0
666.4199402826335	860.0
668.2164916226812	839.0
670.0130429627288	768.0
671.8095943027765	724.0
673.6061456428241	642.0
675.4026969828718	583.0
677.1992483229194	562.0
678.9957996629671	478.0
680.7923510030147	443.0
682.5889023430624	405.0
684.38545368311	355.0
686.1820050231577	306.0
687.9785563632053	286.0
689.775107703253	239.0
691.5716590433005	210.0
693.3682103833482	169.0
695.1647617233958	131.0
696.9613130634435	136.0
698.7578644034911	123.0
700.5544157435388	86.0
702.3509670835864	53.0
704.1475184236341	56.0
705.9440697636817	38.0
707.7406211037294	45.0
709.537172443777	55.0
711.3337237838247	34.0
713.1302751238723	23.0
714.92682646392	21.0
716.7233778039677	20.0
718.5199291440152	13.0
720.3164804840629	11.0
722.1130318241105	11.0
723.9095831641582	11.0
725.7061345042058	13.0
727.5026858442535	9.0
729.2992371843011	7.0
731.0957885243488	11.0
732.8923398643964	10.0
734.6888912044441	11.0
736.4854425444917	9.0
738.2819938845394	11.0
740.078545224587	5.0
741.8750965646346	11.0
743.6716479046822	4.0
745.4681992447299	6.0
747.2647505847775	6.0
749.0613019248252	9.0
750.8578532648728	4.0
752.6544046049205	9.0
754.4509559449681	6.0
756.2475072850158	5.0
758.0440586250634	9.0
759.8406099651111	9.0
761.6371613051588	4.0
763.4337126452064	7.0
765.230263985254	13.0
767.0268153253016	8.0
768.8233666653493	5.0
770.6199180053969	11.0
772.4164693454446	7.0
774.2130206854922	4.0
776.0095720255399	9.0
777.8061233655875	9.0
779.6026747056352	8.0
781.3992260456828	7.0
783.1957773857305	5.0
784.9923287257781	7.0
786.7888800658258	6.0
788.5854314058734	11.0
790.381982745921	11.0
792.1785340859686	2.0
793.9750854260163	10.0
795.7716367660639	10.0
797.5681881061116	7.0
799.3647394461592	10.0
801.1612907862069	6.0
802.9578421262545	10.0
804.7543934663022	6.0
806.5509448063499	9.0
808.3474961463975	5.0
810.1440474864452	6.0
811.9405988264928	2.0
813.7371501665405	4.0
815.533701506588	6.0
817.3302528466357	6.0
819.1268041866833	5.0
820.923355526731	6.0
822.7199068667786	7.0
824.5164582068263	9.0
826.3130095468739	6.0
828.1095608869216	3.0
829.9061122269692	8.0
831.7026635670169	2.0
833.4992149070645	2.0
835.2957662471122	5.0
837.0923175871598	8.0
838.8888689272075	4.0
840.685420267255	2.0
842.4819716073027	4.0
844.2785229473503	7.0
846.075074287398	6.0
847.8716256274456	7.0
849.6681769674933	13.0
851.4647283075409	9.0
853.2612796475886	6.0
855.0578309876363	9.0
856.8543823276839	15.0
858.6509336677316	11.0
860.4474850077792	4.0
862.2440363478269	7.0
864.0405876878744	8.0
865.8371390279221	4.0
867.6336903679697	11.0
869.4302417080174	1.0
871.226793048065	4.0
873.0233443881127	6.0
874.8198957281603	4.0
876.616447068208	12.0
878.4129984082556	6.0
880.2095497483033	6.0
882.0061010883509	11.0
883.8026524283986	6.0
885.5992037684462	2.0
887.3957551084939	4.0
889.1923064485414	4.0
890.9888577885891	2.0
892.7854091286367	7.0
894.5819604686844	10.0
896.378511808732	3.0
898.1750631487797	7.0
899.9716144888274	8.0
901.768165828875	2.0
903.5647171689227	6.0
905.3612685089703	9.0
907.157819849018	11.0
908.9543711890656	4.0
910.7509225291133	3.0
912.5474738691609	5.0
914.3440252092086	7.0
916.1405765492561	3.0
917.9371278893038	8.0
919.7336792293514	5.0
921.530230569399	8.0
923.3267819094466	4.0
925.1233332494943	7.0
926.9198845895419	1.0
928.7164359295896	7.0
930.5129872696372	6.0
932.3095386096849	4.0
934.1060899497324	7.0
935.9026412897801	6.0
937.6991926298278	6.0
939.4957439698754	8.0
941.2922953099231	9.0
943.0888466499707	2.0
944.8853979900184	7.0
946.681949330066	3.0
948.4785006701137	6.0
950.2750520101613	6.0
952.071603350209	6.0
953.8681546902566	5.0
955.6647060303043	4.0
957.4612573703519	6.0
959.2578087103996	2.0
961.0543600504471	3.0
962.8509113904948	4.0
964.6474627305424	5.0
966.4440140705901	3.0
968.2405654106377	3.0
970.0371167506854	5.0
971.833668090733	6.0
973.6302194307807	4.0
975.4267707708283	4.0
977.223322110876	5.0
979.0198734509236	5.0
980.8164247909713	5.0
982.612976131019	6.0
984.4095274710666	5.0
986.2060788111143	3.0
988.0026301511618	2.0
989.7991814912095	2.0
991.5957328312571	3.0
993.3922841713048	4.0
995.1888355113524	4.0
996.9853868514001	3.0
998.7819381914477	6.0
1000.5784895314954	4.0
1002.375040871543	3.0
1004.1715922115907	3.0
1005.9681435516383	2.0
1007.764694891686	3.0
1009.5612462317335	1.0
1011.3577975717812	1.0
1013.1543489118288	2.0
1014.9509002518765	4.0
1016.7474515919241	8.0
1018.5440029319718	2.0
1020.3405542720194	6.0
1022.1371056120671	3.0
1023.9336569521147	5.0
1025.7302082921624	9.0
1027.52675963221	4.0
1029.3233109722578	2.0
1031.1198623123053	6.0
1032.916413652353	3.0
1034.7129649924007	6.0
1036.5095163324484	6.0
1038.3060676724958	4.0
1040.1026190125435	6.0
1041.8991703525912	7.0
1043.695721692639	3.0
1045.4922730326864	2.0
1047.288824372734	0.0
1049.0853757127818	4.0
1050.8819270528295	5.0
1052.678478392877	5.0
1054.4750297329247	4.0
1056.2715810729724	5.0
1058.06813241302	5.0
1059.8646837530675	5.0
1061.6612350931152	3.0
1063.457786433163	4.0
1065.2543377732106	4.0
1067.050889113258	6.0
1068.8474404533058	3.0
1070.6439917933535	8.0
1072.4405431334012	3.0
1074.2370944734487	2.0
1076.0336458134964	5.0
1077.830197153544	5.0
1079.6267484935918	3.0
1081.4232998336395	3.0
1083.219851173687	5.0
1085.0164025137346	5.0
1086.8129538537823	7.0
1088.60950519383	5.0
1090.4060565338775	6.0
1092.2026078739252	3.0
1093.999159213973	4.0
1095.7957105540206	5.0
1097.592261894068	3.0
1099.3888132341158	4.0
1101.1853645741635	5.0
1102.9819159142112	3.0
1104.7784672542587	4.0
1106.5750185943064	6.0
1108.371569934354	4.0
1110.1681212744018	4.0
1111.9646726144492	3.0
1113.761223954497	6.0
1115.5577752945446	2.0
1117.3543266345923	4.0
1119.1508779746398	4.0
1120.9474293146875	5.0
1122.7439806547352	5.0
1124.540531994783	0.0
1126.3370833348306	6.0
1128.133634674878	5.0
1129.9301860149258	3.0
1131.7267373549735	5.0
1133.5232886950212	8.0
1135.3198400350686	4.0
1137.1163913751163	1.0
1138.912942715164	2.0
1140.7094940552117	3.0
1142.5060453952592	4.0
1144.302596735307	5.0
1146.0991480753546	2.0
1147.8956994154023	3.0
1149.6922507554498	3.0
1151.4888020954975	4.0
1153.2853534355452	1.0
1155.0819047755929	6.0
1156.8784561156403	3.0
1158.675007455688	2.0
1160.4715587957357	4.0
1162.2681101357834	1.0
1164.064661475831	2.0
1165.8612128158786	1.0
1167.6577641559263	3.0
1169.454315495974	5.0
1171.2508668360217	1.0
1173.0474181760692	3.0
1174.8439695161169	2.0
1176.6405208561646	5.0
1178.4370721962123	2.0
1180.2336235362598	2.0
1182.0301748763075	3.0
1183.8267262163552	2.0
1185.6232775564029	2.0
1187.4198288964503	6.0
1189.216380236498	1.0
1191.0129315765457	4.0
1192.8094829165934	0.0
1194.606034256641	2.0
1196.4025855966886	1.0
1198.1991369367363	2.0
1199.995688276784	2.0
1201.7922396168315	2.0
1203.5887909568792	4.0
1205.3853422969269	1.0
1207.1818936369746	5.0
1208.978444977022	3.0
1210.7749963170697	4.0
1212.5715476571174	2.0
1214.3680989971651	2.0
1216.1646503372128	2.0
1217.9612016772603	3.0
1219.757753017308	6.0
1221.5543043573557	1.0
1223.3508556974034	5.0
1225.1474070374509	1.0
1226.9439583774986	2.0
1228.7405097175463	2.0
1230.537061057594	3.0
1232.3336123976414	3.0
1234.1301637376891	5.0
1235.9267150777368	2.0
1237.7232664177845	3.0
1239.519817757832	4.0
1241.3163690978797	2.0
1243.1129204379274	2.0
1244.909471777975	2.0
1246.7060231180226	1.0
1248.5025744580703	1.0
1250.299125798118	2.0
1252.0956771381657	2.0
1253.8922284782132	0.0
1255.6887798182609	2.0
1257.4853311583086	1.0
1259.2818824983563	0.0
1261.078433838404	1.0
1262.8749851784514	2.0
1264.6715365184991	0.0
1266.4680878585468	3.0
1268.2646391985945	3.0
1270.061190538642	1.0
1271.8577418786897	1.0
1273.6542932187374	4.0
1275.450844558785	5.0
1277.2473958988326	3.0
1279.0439472388803	2.0
1280.840498578928	1.0
1282.6370499189757	0.0
1284.4336012590231	2.0
1286.2301525990708	3.0
1288.0267039391185	1.0
1289.8232552791662	3.0
1291.6198066192137	1.0
1293.4163579592614	1.0
1295.212909299309	3.0
1297.0094606393568	2.0
1298.8060119794043	0.0
1300.602563319452	0.0
1302.3991146594997	0.0
1304.1956659995474	4.0
1305.992217339595	2.0
1307.7887686796425	0.0
1309.5853200196902	1.0
1311.381871359738	1.0
1313.1784226997856	1.0
1314.9749740398331	0.0
1316.7715253798808	2.0
1318.5680767199285	1.0
1320.3646280599762	0.0
1322.1611794000237	0.0
1323.9577307400714	1.0
1325.754282080119	1.0
1327.5508334201668	1.0
1329.3473847602143	1.0
1331.143936100262	1.0
1332.9404874403097	1.0
1334.7370387803574	0.0
1336.5335901204048	2.0
1338.3301414604525	4.0
1340.1266928005002	1.0
1341.923244140548	1.0
1343.7197954805954	0.0
1345.516346820643	1.0
1347.3128981606908	0.0
1349.1094495007385	2.0
1350.906000840786	1.0
1352.7025521808337	2.0
1354.4991035208814	0.0
1356.295654860929	0.0
1358.0922062009768	0.0
1359.8887575410242	2.0
1361.685308881072	1.0
1363.4818602211196	2.0
1365.2784115611673	3.0
1367.0749629012148	1.0
1368.8715142412625	1.0
1370.6680655813102	1.0
1372.464616921358	6.0
1374.2611682614054	1.0
1376.057719601453	5.0
1377.8542709415008	1.0
1379.6508222815485	2.0
1381.447373621596	1.0
1383.2439249616436	4.0
1385.0404763016913	0.0
1386.837027641739	2.0
1388.6335789817865	2.0
1390.4301303218342	2.0
1392.226681661882	3.0
1394.0232330019296	5.0
1395.819784341977	4.0
1397.6163356820248	3.0
1399.4128870220725	4.0
1401.2094383621202	2.0
1403.0059897021679	2.0
1404.8025410422154	2.0
1406.599092382263	3.0
1408.3956437223108	7.0
1410.1921950623585	2.0
1411.988746402406	3.0
1413.7852977424536	2.0
1415.5818490825013	2.0
1417.378400422549	2.0
1419.1749517625965	1.0
1420.9715031026442	2.0
1422.768054442692	5.0
1424.5646057827396	3.0
1426.361157122787	4.0
1428.1577084628348	6.0
1429.9542598028825	6.0
1431.7508111429302	2.0
1433.5473624829776	2.0
1435.3439138230253	8.0
1437.140465163073	3.0
1438.9370165031207	5.0
1440.7335678431682	10.0
1442.530119183216	6.0
1444.3266705232636	6.0
1446.1232218633113	4.0
1447.919773203359	3.0
1449.7163245434065	6.0
1451.5128758834542	7.0
1453.3094272235019	1.0
1455.1059785635496	6.0
1456.902529903597	3.0
1458.6990812436447	4.0
1460.4956325836924	2.0
1462.2921839237401	3.0
1464.0887352637876	1.0
1465.8852866038353	3.0
1467.681837943883	2.0
1469.4783892839307	3.0
1471.2749406239782	5.0
1473.0714919640259	1.0
1474.8680433040736	5.0
1476.6645946441213	2.0
1478.4611459841688	3.0
1480.2576973242165	4.0
1482.0542486642642	3.0
1483.8508000043118	0.0
1485.6473513443593	1.0
1487.443902684407	3.0
1489.2404540244547	1.0
1491.0370053645024	2.0
1492.8335567045501	1.0
1494.6301080445976	2.0
1496.4266593846453	3.0
1498.223210724693	3.0
1500.0197620647407	0.0
1501.8163134047882	3.0
1503.6128647448359	0.0
1505.4094160848836	0.0
1507.2059674249313	1.0
1509.0025187649787	1.0
1510.7990701050264	1.0
1512.5956214450741	0.0
1514.3921727851218	1.0
1516.1887241251693	0.0
1517.985275465217	1.0
1519.7818268052647	0.0
1521.5783781453124	0.0
1523.3749294853599	0.0
1525.1714808254076	0.0
1526.9680321654553	0.0
1528.764583505503	1.0
1530.5611348455504	1.0
1532.3576861855981	1.0
1534.1542375256458	1.0
1535.9507888656935	1.0
1537.7473402057412	0.0
1539.5438915457887	1.0
1541.3404428858364	0.0
1543.136994225884	0.0
1544.9335455659318	1.0
1546.7300969059793	1.0
1548.526648246027	1.0
1550.3231995860747	2.0
1552.1197509261224	0.0
1553.9163022661699	0.0
1555.7128536062175	0.0
1557.5094049462652	1.0
1559.305956286313	0.0
1561.1025076263604	0.0
1562.8990589664081	1.0
1564.6956103064558	0.0
1566.4921616465035	0.0
1568.288712986551	1.0
1570.0852643265987	0.0
1571.8818156666464	0.0
1573.678367006694	0.0
1575.4749183467416	0.0
1577.2714696867893	0.0
1579.068021026837	0.0
1580.8645723668847	0.0
1582.6611237069321	1.0
1584.4576750469798	1.0
1586.2542263870275	0.0
1588.0507777270752	0.0
1589.847329067123	1.0
1591.6438804071704	1.0
1593.440431747218	0.0
1595.2369830872658	1.0
1597.0335344273135	0.0
1598.830085767361	0.0
1600.6266371074087	0.0
1602.4231884474564	2.0
1604.219739787504	1.0
1606.0162911275515	0.0
1607.8128424675992	0.0
1609.609393807647	0.0
1611.4059451476946	2.0
1613.202496487742	0.0
1614.9990478277898	1.0
1616.7955991678375	1.0
1618.5921505078852	0.0
1620.3887018479327	0.0
1622.1852531879804	0.0
1623.981804528028	0.0
1625.7783558680758	0.0
1627.5749072081232	0.0
1629.371458548171	1.0
1631.1680098882186	1.0
1632.9645612282663	0.0
1634.761112568314	2.0
1636.5576639083615	1.0
1638.3542152484092	1.0
1640.150766588457	0.0
1641.9473179285046	0.0
1643.743869268552	0.0
1645.5404206085998	1.0
1647.3369719486475	0.0
1649.1335232886952	0.0
1650.9300746287427	0.0
1652.7266259687904	0.0
1654.523177308838	0.0
1656.3197286488858	0.0
1658.1162799889332	0.0
1659.912831328981	1.0
1661.7093826690286	0.0
1663.5059340090763	1.0
1665.3024853491238	0.0
1667.0990366891715	2.0
1668.8955880292192	0.0
1670.692139369267	0.0
1672.4886907093144	0.0
1674.285242049362	2.0
1676.0817933894098	1.0
1677.8783447294575	2.0
1679.6748960695052	1.0
1681.4714474095526	0.0
1683.2679987496003	0.0
1685.064550089648	0.0
1686.8611014296957	0.0
1688.6576527697432	2.0
1690.454204109791	0.0
1692.2507554498386	0.0
1694.0473067898863	0.0
1695.8438581299338	0.0
1697.6404094699815	0.0
1699.4369608100292	0.0
1701.2335121500769	0.0
1703.0300634901243	0.0
1704.826614830172	1.0
1706.6231661702197	0.0
1708.4197175102674	1.0
1710.216268850315	0.0
1712.0128201903626	0.0
1713.8093715304103	1.0
1715.605922870458	1.0
1717.4024742105055	0.0
1719.1990255505532	1.0
1720.995576890601	2.0
1722.7921282306486	1.0
1724.5886795706963	1.0
1726.3852309107438	0.0
1728.1817822507915	1.0
1729.9783335908392	0.0
1731.7748849308869	1.0
1733.5714362709343	2.0
1735.367987610982	1.0
1737.1645389510297	0.0
1738.9610902910774	0.0
1740.757641631125	1.0
1742.5541929711726	0.0
1744.3507443112203	0.0
1746.147295651268	0.0
1747.9438469913155	1.0
1749.7403983313632	0.0
1751.5369496714109	0.0
1753.3335010114586	0.0
1755.130052351506	1.0
1756.9266036915537	0.0
1758.7231550316014	0.0
1760.5197063716491	1.0
1762.3162577116966	0.0
1764.1128090517443	0.0
1765.909360391792	0.0
1767.7059117318397	0.0
1769.5024630718874	0.0
1771.2990144119349	0.0
1773.0955657519826	0.0
1774.8921170920303	0.0
1776.688668432078	0.0
1778.4852197721254	1.0
1780.2817711121731	0.0
1782.0783224522208	1.0
1783.8748737922685	0.0
1785.671425132316	1.0
1787.4679764723637	0.0
1789.2645278124114	0.0
1791.0610791524591	0.0
1792.8576304925066	1.0
1794.6541818325543	1.0
1796.450733172602	0.0
1798.2472845126497	0.0
1800.0438358526972	0.0
1801.8403871927449	0.0
1803.6369385327926	0.0
1805.4334898728403	0.0
1807.2300412128877	0.0
1809.0265925529354	0.0
1810.8231438929831	1.0
1812.6196952330308	1.0
1814.4162465730783	0.0
1816.212797913126	0.0
1818.0093492531737	1.0
1819.8059005932214	0.0
1821.602451933269	0.0
1823.3990032733166	0.0
1825.1955546133643	0.0
1826.992105953412	0.0
1828.7886572934597	0.0
1830.5852086335071	1.0
1832.3817599735548	0.0
1834.1783113136025	2.0
1835.9748626536502	0.0
1837.7714139936977	0.0
