
_column0	_column1
-0.1006068750426681	0.0
1.6959444650049764	1.0
3.4924958050526214	1.0
5.289047145100266	1.0
7.08559848514791	0.0
8.882149825195555	0.0
10.6787011652432	0.0
12.475252505290845	0.0
14.27180384533849	79.0
16.068355185386135	116.0
17.86490652543378	288.0
19.661457865481424	389.0
21.45800920552907	344.0
23.254560545576716	356.0
25.05111188562436	405.0
26.847663225672004	401.0
28.644214565719647	449.0
30.44076590576729	444.0
32.237317245814936	463.0
34.03386858586258	473.0
35.83041992591023	457.0
37.62697126595787	463.0
39.42352260600551	459.0
41.220073946053155	443.0
43.016625286100805	493.0
44.81317662614845	568.0
46.60972796619609	583.0
48.40627930624374	582.0
50.20283064629138	675.0
51.999381986339024	706.0
53.795933326386674	786.0
55.592484666434316	905.0
57.38903600648196	1039.0
59.18558734652961	1104.0
60.98213868657726	1198.0
62.7786900266249	1312.0
64.57524136667254	1289.0
66.37179270672019	1302.0
68.16834404676784	1328.0
69.96489538681548	1184.0
71.76144672686313	1118.0
73.55799806691077	1154.0
75.35454940695841	1076.0
77.15110074700605	1114.0
78.9476520870537	1004.0
80.74420342710135	1033.0
82.540754767149	982.0
84.33730610719664	1045.0
86.13385744724428	1022.0
87.93040878729192	1027.0
89.72696012733957	1034.0
91.52351146738722	1056.0
93.32006280743487	1078.0
95.11661414748251	1087.0
96.91316548753015	1128.0
98.7097168275778	1209.0
100.50626816762544	1204.0
102.30281950767308	1286.0
104.09937084772073	1173.0
105.89592218776838	1231.0
107.69247352781602	1306.0
109.48902486786366	1226.0
111.2855762079113	1336.0
113.08212754795895	1338.0
114.8786788880066	1261.0
116.67523022805425	1277.0
118.47178156810189	1262.0
120.26833290814953	1250.0
122.06488424819717	1240.0
123.86143558824482	1311.0
125.65798692829246	1315.0
127.45453826834012	1270.0
129.25108960838776	1392.0
131.0476409484354	1354.0
132.84419228848304	1332.0
134.64074362853069	1369.0
136.43729496857833	1312.0
138.23384630862597	1361.0
140.0303976486736	1397.0
141.82694898872126	1486.0
143.62350032876893	1471.0
145.42005166881657	1453.0
147.2166030088642	1527.0
149.01315434891185	1608.0
150.8097056889595	1690.0
152.60625702900714	1780.0
154.40280836905478	1728.0
156.19935970910242	1844.0
157.99591104915007	1970.0
159.7924623891977	2060.0
161.58901372924535	2165.0
163.385565069293	2235.0
165.18211640934064	2312.0
166.9786677493883	2354.0
168.77521908943595	2373.0
170.5717704294836	2451.0
172.36832176953124	2358.0
174.16487310957888	2292.0
175.96142444962652	2201.0
177.75797578967416	2171.0
179.5545271297218	1982.0
181.35107846976945	1888.0
183.1476298098171	1719.0
184.94418114986473	1563.0
186.74073248991238	1493.0
188.53728382996002	1314.0
190.3338351700077	1143.0
192.13038651005533	1059.0
193.92693785010297	905.0
195.72348919015062	869.0
197.52004053019826	736.0
199.3165918702459	707.0
201.11314321029354	659.0
202.9096945503412	594.0
204.70624589038883	590.0
206.50279723043647	522.0
208.2993485704841	502.0
210.09589991053176	516.0
211.8924512505794	505.0
213.68900259062707	468.0
215.4855539306747	434.0
217.28210527072235	404.0
219.07865661077	369.0
220.87520795081764	382.0
222.67175929086528	380.0
224.46831063091292	401.0
226.26486197096057	352.0
228.0614133110082	348.0
229.85796465105585	354.0
231.65451599110347	350.0
233.4510673311511	342.0
235.24761867119878	321.0
237.04417001124642	348.0
238.84072135129406	315.0
240.6372726913417	289.0
242.43382403138935	310.0
244.230375371437	300.0
246.02692671148463	289.0
247.82347805153228	265.0
249.62002939157992	302.0
251.41658073162756	266.0
253.2131320716752	297.0
255.00968341172285	270.0
256.8062347517705	277.0
258.60278609181813	282.0
260.3993374318658	252.0
262.1958887719134	254.0
263.99244011196106	287.0
265.7889914520087	275.0
267.58554279205634	274.0
269.38209413210404	268.0
271.1786454721517	261.0
272.97519681219933	269.0
274.77174815224697	239.0
276.5682994922946	262.0
278.36485083234226	228.0
280.1614021723899	230.0
281.95795351243754	229.0
283.7545048524852	243.0
285.5510561925328	255.0
287.34760753258047	270.0
289.1441588726281	248.0
290.94071021267575	246.0
292.7372615527234	254.0
294.53381289277104	214.0
296.3303642328187	217.0
298.1269155728663	216.0
299.92346691291397	233.0
301.7200182529616	209.0
303.51656959300925	231.0
305.3131209330569	227.0
307.10967227310454	188.0
308.9062236131522	200.0
310.7027749531998	189.0
312.49932629324746	222.0
314.2958776332951	212.0
316.0924289733428	198.0
317.88898031339045	204.0
319.6855316534381	188.0
321.48208299348573	191.0
323.2786343335334	211.0
325.075185673581	195.0
326.87173701362866	173.0
328.6682883536763	193.0
330.46483969372395	185.0
332.2613910337716	164.0
334.05794237381923	182.0
335.8544937138669	177.0
337.6510450539145	164.0
339.44759639396216	185.0
341.2441477340098	173.0
343.04069907405744	164.0
344.8372504141051	160.0
346.6338017541527	164.0
348.43035309420037	179.0
350.226904434248	180.0
352.02345577429566	165.0
353.8200071143433	176.0
355.61655845439094	157.0
357.4131097944386	166.0
359.2096611344862	165.0
361.00621247453387	169.0
362.80276381458157	177.0
364.5993151546292	174.0
366.39586649467685	162.0
368.1924178347245	155.0
369.98896917477214	172.0
371.7855205148198	161.0
373.5820718548674	165.0
375.37862319491506	195.0
377.1751745349627	192.0
378.97172587501035	182.0
380.768277215058	177.0
382.56482855510563	161.0
384.3613798951533	189.0
386.1579312352009	180.0
387.95448257524856	183.0
389.7510339152962	185.0
391.54758525534385	174.0
393.3441365953915	171.0
395.14068793543913	180.0
396.9372392754868	189.0
398.7337906155344	188.0
400.53034195558206	220.0
402.3268932956297	219.0
404.12344463567734	201.0
405.919995975725	203.0
407.7165473157727	199.0
409.51309865582033	240.0
411.30964999586797	224.0
413.1062013359156	220.0
414.90275267596326	245.0
416.6993040160109	255.0
418.49585535605854	244.0
420.2924066961062	295.0
422.0889580361538	304.0
423.88550937620147	291.0
425.6820607162491	285.0
427.47861205629675	289.0
429.2751633963444	294.0
431.07171473639204	304.0
432.8682660764397	346.0
434.6648174164873	341.0
436.46136875653497	373.0
438.2579200965826	352.0
440.05447143663025	356.0
441.8510227766779	366.0
443.64757411672554	383.0
445.4441254567732	432.0
447.2406767968208	411.0
449.03722813686846	402.0
450.8337794769161	441.0
452.63033081696375	412.0
454.42688215701145	437.0
456.2234334970591	434.0
458.01998483710673	480.0
459.8165361771544	450.0
461.6130875172021	506.0
463.4096388572497	477.0
465.20619019729736	464.0
467.002741537345	454.0
468.79929287739265	496.0
470.5958442174403	480.0
472.39239555748793	513.0
474.1889468975356	520.0
475.9854982375832	522.0
477.78204957763086	487.0
479.5786009176785	492.0
481.37515225772614	522.0
483.1717035977738	483.0
484.9682549378214	461.0
486.76480627786907	445.0
488.5613576179167	479.0
490.35790895796436	502.0
492.154460298012	480.0
493.95101163805964	443.0
495.7475629781073	391.0
497.5441143181549	461.0
499.34066565820257	434.0
501.1372169982502	431.0
502.93376833829785	421.0
504.73031967834555	370.0
506.5268710183932	363.0
508.32342235844084	366.0
510.1199736984885	379.0
511.9165250385361	359.0
513.7130763785838	312.0
515.5096277186314	320.0
517.306179058679	346.0
519.1027303987266	326.0
520.8992817387743	314.0
522.6958330788219	284.0
524.4923844188696	252.0
526.2889357589172	235.0
528.0854870989649	230.0
529.8820384390126	247.0
531.6785897790602	239.0
533.4751411191079	201.0
535.2716924591555	242.0
537.0682437992032	188.0
538.8647951392508	193.0
540.6613464792985	196.0
542.457897819346	179.0
544.2544491593937	176.0
546.0510004994413	171.0
547.847551839489	180.0
549.6441031795366	156.0
551.4406545195843	128.0
553.2372058596319	126.0
555.0337571996796	137.0
556.8303085397272	126.0
558.6268598797749	129.0
560.4234112198225	134.0
562.2199625598702	119.0
564.0165138999178	102.0
565.8130652399655	135.0
567.609616580013	106.0
569.4061679200607	116.0
571.2027192601083	110.0
572.999270600156	102.0
574.7958219402037	75.0
576.5923732802513	88.0
578.388924620299	94.0
580.1854759603466	86.0
581.9820273003943	96.0
583.7785786404419	62.0
585.5751299804896	98.0
587.3716813205372	64.0
589.1682326605849	75.0
590.9647840006324	68.0
592.7613353406801	81.0
594.5578866807277	84.0
596.3544380207754	55.0
598.150989360823	84.0
599.9475407008707	62.0
601.7440920409183	58.0
603.540643380966	56.0
605.3371947210136	53.0
607.1337460610613	45.0
608.9302974011089	49.0
610.7268487411566	58.0
612.5234000812042	45.0
614.3199514212519	40.0
616.1165027612994	56.0
617.9130541013471	46.0
619.7096054413947	34.0
621.5061567814424	43.0
623.3027081214901	31.0
625.0992594615377	46.0
626.8958108015854	30.0
628.692362141633	44.0
630.4889134816807	39.0
632.2854648217283	36.0
634.082016161776	22.0
635.8785675018236	35.0
637.6751188418713	28.0
639.4716701819189	18.0
641.2682215219666	22.0
643.0647728620141	21.0
644.8613242020618	20.0
646.6578755421094	19.0
648.4544268821571	22.0
650.2509782222047	18.0
652.0475295622524	23.0
653.8440809023	14.0
655.6406322423477	16.0
657.4371835823953	10.0
659.233734922443	9.0
661.0302862624906	22.0
662.8268376025383	13.0
664.6233889425858	21.0
666.4199402826335	16.0
668.2164916226812	10.0
670.0130429627288	13.0
671.8095943027765	10.0
673.6061456428241	11.0
675.4026969828718	8.0
677.1992483229194	11.0
678.9957996629671	8.0
680.7923510030147	6.0
682.5889023430624	10.0
684.38545368311	5.0
686.1820050231577	4.0
687.9785563632053	11.0
689.775107703253	8.0
691.5716590433005	7.0
693.3682103833482	11.0
695.1647617233958	10.0
696.9613130634435	4.0
698.7578644034911	5.0
700.5544157435388	7.0
702.3509670835864	4.0
704.1475184236341	4.0
705.9440697636817	5.0
707.7406211037294	5.0
709.537172443777	6.0
711.3337237838247	4.0
713.1302751238723	3.0
714.92682646392	7.0
716.7233778039677	4.0
718.5199291440152	3.0
720.3164804840629	7.0
722.1130318241105	3.0
723.9095831641582	8.0
725.7061345042058	5.0
727.5026858442535	7.0
729.2992371843011	6.0
731.0957885243488	2.0
732.8923398643964	3.0
734.6888912044441	6.0
736.4854425444917	5.0
738.2819938845394	6.0
740.078545224587	5.0
741.8750965646346	2.0
743.6716479046822	3.0
745.4681992447299	4.0
747.2647505847775	5.0
749.0613019248252	4.0
750.8578532648728	7.0
752.6544046049205	4.0
754.4509559449681	6.0
756.2475072850158	2.0
758.0440586250634	3.0
759.8406099651111	7.0
761.6371613051588	4.0
763.4337126452064	5.0
765.230263985254	4.0
767.0268153253016	3.0
768.8233666653493	5.0
770.6199180053969	5.0
772.4164693454446	3.0
774.2130206854922	6.0
776.0095720255399	5.0
777.8061233655875	6.0
779.6026747056352	6.0
781.3992260456828	6.0
783.1957773857305	6.0
784.9923287257781	8.0
786.7888800658258	4.0
788.5854314058734	6.0
790.381982745921	6.0
792.1785340859686	5.0
793.9750854260163	1.0
795.7716367660639	4.0
797.5681881061116	7.0
799.3647394461592	4.0
801.1612907862069	4.0
802.9578421262545	5.0
804.7543934663022	6.0
806.5509448063499	5.0
808.3474961463975	6.0
810.1440474864452	4.0
811.9405988264928	6.0
813.7371501665405	4.0
815.533701506588	6.0
817.3302528466357	3.0
819.1268041866833	6.0
820.923355526731	4.0
822.7199068667786	4.0
824.5164582068263	4.0
826.3130095468739	4.0
828.1095608869216	9.0
829.9061122269692	6.0
831.7026635670169	7.0
833.4992149070645	1.0
835.2957662471122	2.0
837.0923175871598	1.0
838.8888689272075	7.0
840.685420267255	7.0
842.4819716073027	4.0
844.2785229473503	6.0
846.075074287398	3.0
847.8716256274456	3.0
849.6681769674933	2.0
851.4647283075409	2.0
853.2612796475886	3.0
855.0578309876363	5.0
856.8543823276839	3.0
858.6509336677316	5.0
860.4474850077792	3.0
862.2440363478269	1.0
864.0405876878744	1.0
865.8371390279221	3.0
867.6336903679697	4.0
869.4302417080174	9.0
871.226793048065	4.0
873.0233443881127	7.0
874.8198957281603	8.0
876.616447068208	7.0
878.4129984082556	8.0
880.2095497483033	3.0
882.0061010883509	5.0
883.8026524283986	2.0
885.5992037684462	8.0
887.3957551084939	3.0
889.1923064485414	4.0
890.9888577885891	8.0
892.7854091286367	3.0
894.5819604686844	6.0
896.378511808732	4.0
898.1750631487797	5.0
899.9716144888274	1.0
901.768165828875	2.0
903.5647171689227	4.0
905.3612685089703	11.0
907.157819849018	1.0
908.9543711890656	2.0
910.7509225291133	9.0
912.5474738691609	3.0
914.3440252092086	4.0
916.1405765492561	6.0
917.9371278893038	4.0
919.7336792293514	6.0
921.530230569399	8.0
923.3267819094466	6.0
925.1233332494943	2.0
926.9198845895419	0.0
928.7164359295896	4.0
930.5129872696372	5.0
932.3095386096849	6.0
934.1060899497324	6.0
935.9026412897801	3.0
937.6991926298278	4.0
939.4957439698754	5.0
941.2922953099231	9.0
943.0888466499707	5.0
944.8853979900184	6.0
946.681949330066	3.0
948.4785006701137	6.0
950.2750520101613	1.0
952.071603350209	5.0
953.8681546902566	5.0
955.6647060303043	3.0
957.4612573703519	3.0
959.2578087103996	4.0
961.0543600504471	5.0
962.8509113904948	4.0
964.6474627305424	12.0
966.4440140705901	2.0
968.2405654106377	5.0
970.0371167506854	2.0
971.833668090733	3.0
973.6302194307807	7.0
975.4267707708283	3.0
977.223322110876	0.0
979.0198734509236	1.0
980.8164247909713	1.0
982.612976131019	4.0
984.4095274710666	4.0
986.2060788111143	3.0
988.0026301511618	5.0
989.7991814912095	6.0
991.5957328312571	2.0
993.3922841713048	4.0
995.1888355113524	2.0
996.9853868514001	2.0
998.7819381914477	1.0
1000.5784895314954	4.0
1002.375040871543	5.0
1004.1715922115907	4.0
1005.9681435516383	2.0
1007.764694891686	4.0
1009.5612462317335	2.0
1011.3577975717812	7.0
1013.1543489118288	4.0
1014.9509002518765	3.0
1016.7474515919241	4.0
1018.5440029319718	2.0
1020.3405542720194	1.0
1022.1371056120671	8.0
1023.9336569521147	7.0
1025.7302082921624	3.0
1027.52675963221	1.0
1029.3233109722578	3.0
1031.1198623123053	3.0
1032.916413652353	3.0
1034.7129649924007	3.0
1036.5095163324484	6.0
1038.3060676724958	9.0
1040.1026190125435	1.0
1041.8991703525912	5.0
1043.695721692639	4.0
1045.4922730326864	7.0
1047.288824372734	2.0
1049.0853757127818	1.0
1050.8819270528295	2.0
1052.678478392877	4.0
1054.4750297329247	2.0
1056.2715810729724	3.0
1058.06813241302	5.0
1059.8646837530675	5.0
1061.6612350931152	2.0
1063.457786433163	6.0
1065.2543377732106	7.0
1067.050889113258	7.0
1068.8474404533058	2.0
1070.6439917933535	5.0
1072.4405431334012	5.0
1074.2370944734487	2.0
1076.0336458134964	3.0
1077.830197153544	5.0
1079.6267484935918	4.0
1081.4232998336395	1.0
1083.219851173687	5.0
1085.0164025137346	2.0
1086.8129538537823	3.0
1088.60950519383	4.0
1090.4060565338775	3.0
1092.2026078739252	2.0
1093.999159213973	1.0
1095.7957105540206	3.0
1097.592261894068	4.0
1099.3888132341158	1.0
1101.1853645741635	3.0
1102.9819159142112	0.0
1104.7784672542587	0.0
1106.5750185943064	3.0
1108.371569934354	5.0
1110.1681212744018	5.0
1111.9646726144492	3.0
1113.761223954497	6.0
1115.5577752945446	5.0
1117.3543266345923	4.0
1119.1508779746398	6.0
1120.9474293146875	3.0
1122.7439806547352	3.0
1124.540531994783	1.0
1126.3370833348306	2.0
1128.133634674878	4.0
1129.9301860149258	0.0
1131.7267373549735	5.0
1133.5232886950212	4.0
1135.3198400350686	1.0
1137.1163913751163	5.0
1138.912942715164	2.0
1140.7094940552117	5.0
1142.5060453952592	2.0
1144.302596735307	5.0
1146.0991480753546	7.0
1147.8956994154023	1.0
1149.6922507554498	2.0
1151.4888020954975	4.0
1153.2853534355452	9.0
1155.0819047755929	2.0
1156.8784561156403	3.0
1158.675007455688	5.0
1160.4715587957357	2.0
1162.2681101357834	1.0
1164.064661475831	0.0
1165.8612128158786	2.0
1167.6577641559263	2.0
1169.454315495974	2.0
1171.2508668360217	3.0
1173.0474181760692	1.0
1174.8439695161169	3.0
1176.6405208561646	2.0
1178.4370721962123	3.0
1180.2336235362598	2.0
1182.0301748763075	4.0
1183.8267262163552	1.0
1185.6232775564029	4.0
1187.4198288964503	3.0
1189.216380236498	5.0
1191.0129315765457	3.0
1192.8094829165934	3.0
1194.606034256641	4.0
1196.4025855966886	4.0
1198.1991369367363	1.0
1199.995688276784	3.0
1201.7922396168315	3.0
1203.5887909568792	1.0
1205.3853422969269	1.0
1207.1818936369746	2.0
1208.978444977022	5.0
1210.7749963170697	2.0
1212.5715476571174	3.0
1214.3680989971651	3.0
1216.1646503372128	2.0
1217.9612016772603	2.0
1219.757753017308	2.0
1221.5543043573557	4.0
1223.3508556974034	7.0
1225.1474070374509	2.0
1226.9439583774986	2.0
1228.7405097175463	2.0
1230.537061057594	4.0
1232.3336123976414	2.0
1234.1301637376891	0.0
1235.9267150777368	3.0
1237.7232664177845	1.0
1239.519817757832	0.0
1241.3163690978797	2.0
1243.1129204379274	1.0
1244.909471777975	0.0
1246.7060231180226	2.0
1248.5025744580703	1.0
1250.299125798118	4.0
1252.0956771381657	1.0
1253.8922284782132	4.0
1255.6887798182609	2.0
1257.4853311583086	4.0
1259.2818824983563	3.0
1261.078433838404	1.0
1262.8749851784514	1.0
1264.6715365184991	2.0
1266.4680878585468	1.0
1268.2646391985945	0.0
1270.061190538642	3.0
1271.8577418786897	1.0
1273.6542932187374	1.0
1275.450844558785	1.0
1277.2473958988326	1.0
1279.0439472388803	2.0
1280.840498578928	1.0
1282.6370499189757	4.0
1284.4336012590231	2.0
1286.2301525990708	1.0
1288.0267039391185	0.0
1289.8232552791662	1.0
1291.6198066192137	1.0
1293.4163579592614	0.0
1295.212909299309	2.0
1297.0094606393568	3.0
1298.8060119794043	3.0
1300.602563319452	1.0
1302.3991146594997	0.0
1304.1956659995474	1.0
1305.992217339595	2.0
1307.7887686796425	2.0
1309.5853200196902	1.0
1311.381871359738	0.0
1313.1784226997856	2.0
1314.9749740398331	2.0
1316.7715253798808	1.0
1318.5680767199285	1.0
1320.3646280599762	0.0
1322.1611794000237	1.0
1323.9577307400714	0.0
1325.754282080119	0.0
1327.5508334201668	1.0
1329.3473847602143	1.0
1331.143936100262	2.0
1332.9404874403097	1.0
1334.7370387803574	1.0
1336.5335901204048	0.0
1338.3301414604525	3.0
1340.1266928005002	1.0
1341.923244140548	4.0
1343.7197954805954	4.0
1345.516346820643	2.0
1347.3128981606908	0.0
1349.1094495007385	0.0
1350.906000840786	2.0
1352.7025521808337	1.0
1354.4991035208814	3.0
1356.295654860929	1.0
1358.0922062009768	4.0
1359.8887575410242	0.0
1361.685308881072	0.0
1363.4818602211196	1.0
1365.2784115611673	1.0
1367.0749629012148	1.0
1368.8715142412625	0.0
1370.6680655813102	1.0
1372.464616921358	4.0
1374.2611682614054	1.0
1376.057719601453	2.0
1377.8542709415008	4.0
1379.6508222815485	1.0
1381.447373621596	1.0
1383.2439249616436	2.0
1385.0404763016913	1.0
1386.837027641739	2.0
1388.6335789817865	2.0
1390.4301303218342	2.0
1392.226681661882	3.0
1394.0232330019296	2.0
1395.819784341977	2.0
1397.6163356820248	3.0
1399.4128870220725	2.0
1401.2094383621202	3.0
1403.0059897021679	2.0
1404.8025410422154	4.0
1406.599092382263	2.0
1408.3956437223108	2.0
1410.1921950623585	2.0
1411.988746402406	4.0
1413.7852977424536	3.0
1415.5818490825013	0.0
1417.378400422549	1.0
1419.1749517625965	2.0
1420.9715031026442	5.0
1422.768054442692	6.0
1424.5646057827396	4.0
1426.361157122787	1.0
1428.1577084628348	4.0
1429.9542598028825	7.0
1431.7508111429302	3.0
1433.5473624829776	7.0
1435.3439138230253	6.0
1437.140465163073	4.0
1438.9370165031207	5.0
1440.7335678431682	0.0
1442.530119183216	3.0
1444.3266705232636	6.0
1446.1232218633113	5.0
1447.919773203359	3.0
1449.7163245434065	3.0
1451.5128758834542	3.0
1453.3094272235019	5.0
1455.1059785635496	4.0
1456.902529903597	3.0
1458.6990812436447	5.0
1460.4956325836924	6.0
1462.2921839237401	1.0
1464.0887352637876	3.0
1465.8852866038353	4.0
1467.681837943883	3.0
1469.4783892839307	2.0
1471.2749406239782	1.0
1473.0714919640259	7.0
1474.8680433040736	3.0
1476.6645946441213	3.0
1478.4611459841688	4.0
1480.2576973242165	2.0
1482.0542486642642	5.0
1483.8508000043118	5.0
1485.6473513443593	3.0
1487.443902684407	1.0
1489.2404540244547	3.0
1491.0370053645024	3.0
1492.8335567045501	4.0
1494.6301080445976	3.0
1496.4266593846453	3.0
1498.223210724693	1.0
1500.0197620647407	1.0
1501.8163134047882	6.0
1503.6128647448359	3.0
1505.4094160848836	3.0
1507.2059674249313	1.0
1509.0025187649787	3.0
1510.7990701050264	5.0
1512.5956214450741	1.0
1514.3921727851218	1.0
1516.1887241251693	1.0
1517.985275465217	2.0
1519.7818268052647	4.0
1521.5783781453124	3.0
1523.3749294853599	1.0
1525.1714808254076	0.0
1526.9680321654553	0.0
1528.764583505503	0.0
1530.5611348455504	1.0
1532.3576861855981	1.0
1534.1542375256458	0.0
1535.9507888656935	0.0
1537.7473402057412	1.0
1539.5438915457887	1.0
1541.3404428858364	1.0
1543.136994225884	0.0
1544.9335455659318	0.0
1546.7300969059793	0.0
1548.526648246027	0.0
1550.3231995860747	0.0
1552.1197509261224	1.0
1553.9163022661699	0.0
1555.7128536062175	0.0
1557.5094049462652	0.0
1559.305956286313	0.0
1561.1025076263604	0.0
1562.8990589664081	1.0
1564.6956103064558	2.0
1566.4921616465035	0.0
1568.288712986551	1.0
1570.0852643265987	2.0
1571.8818156666464	1.0
1573.678367006694	0.0
1575.4749183467416	1.0
1577.2714696867893	0.0
1579.068021026837	1.0
1580.8645723668847	0.0
1582.6611237069321	1.0
1584.4576750469798	1.0
1586.2542263870275	0.0
1588.0507777270752	0.0
1589.847329067123	0.0
1591.6438804071704	2.0
1593.440431747218	0.0
1595.2369830872658	0.0
1597.0335344273135	1.0
1598.830085767361	1.0
1600.6266371074087	1.0
1602.4231884474564	0.0
1604.219739787504	0.0
1606.0162911275515	1.0
1607.8128424675992	1.0
1609.609393807647	1.0
1611.4059451476946	1.0
1613.202496487742	1.0
1614.9990478277898	0.0
1616.7955991678375	0.0
1618.5921505078852	0.0
1620.3887018479327	0.0
1622.1852531879804	0.0
1623.981804528028	0.0
1625.7783558680758	0.0
1627.5749072081232	1.0
1629.371458548171	0.0
1631.1680098882186	1.0
1632.9645612282663	0.0
1634.761112568314	0.0
1636.5576639083615	0.0
1638.3542152484092	0.0
1640.150766588457	0.0
1641.9473179285046	0.0
1643.743869268552	0.0
1645.5404206085998	5.0
1647.3369719486475	0.0
1649.1335232886952	0.0
1650.9300746287427	0.0
1652.7266259687904	0.0
1654.523177308838	0.0
1656.3197286488858	0.0
1658.1162799889332	0.0
1659.912831328981	0.0
1661.7093826690286	1.0
1663.5059340090763	0.0
1665.3024853491238	0.0
1667.0990366891715	1.0
1668.8955880292192	1.0
1670.692139369267	0.0
1672.4886907093144	2.0
1674.285242049362	0.0
1676.0817933894098	1.0
1677.8783447294575	1.0
1679.6748960695052	1.0
1681.4714474095526	1.0
1683.2679987496003	1.0
1685.064550089648	3.0
1686.8611014296957	0.0
1688.6576527697432	0.0
1690.454204109791	2.0
1692.2507554498386	0.0
1694.0473067898863	1.0
1695.8438581299338	1.0
1697.6404094699815	0.0
1699.4369608100292	1.0
1701.2335121500769	0.0
1703.0300634901243	0.0
1704.826614830172	0.0
1706.6231661702197	0.0
1708.4197175102674	0.0
1710.216268850315	1.0
1712.0128201903626	0.0
1713.8093715304103	0.0
1715.605922870458	1.0
1717.4024742105055	0.0
1719.1990255505532	0.0
1720.995576890601	0.0
1722.7921282306486	0.0
1724.5886795706963	2.0
1726.3852309107438	0.0
1728.1817822507915	0.0
1729.9783335908392	0.0
1731.7748849308869	0.0
1733.5714362709343	0.0
1735.367987610982	1.0
1737.1645389510297	5.0
1738.9610902910774	2.0
1740.757641631125	0.0
1742.5541929711726	0.0
1744.3507443112203	0.0
1746.147295651268	1.0
1747.9438469913155	1.0
1749.7403983313632	0.0
1751.5369496714109	0.0
1753.3335010114586	0.0
1755.130052351506	0.0
1756.9266036915537	0.0
1758.7231550316014	0.0
1760.5197063716491	1.0
1762.3162577116966	0.0
1764.1128090517443	1.0
1765.909360391792	0.0
1767.7059117318397	2.0
1769.5024630718874	0.0
1771.2990144119349	0.0
1773.0955657519826	0.0
1774.8921170920303	1.0
1776.688668432078	0.0
1778.4852197721254	0.0
1780.2817711121731	0.0
1782.0783224522208	1.0
1783.8748737922685	0.0
1785.671425132316	0.0
1787.4679764723637	1.0
1789.2645278124114	1.0
1791.0610791524591	0.0
1792.8576304925066	0.0
1794.6541818325543	0.0
1796.450733172602	0.0
1798.2472845126497	0.0
1800.0438358526972	0.0
1801.8403871927449	2.0
1803.6369385327926	1.0
1805.4334898728403	0.0
1807.2300412128877	1.0
1809.0265925529354	0.0
1810.8231438929831	1.0
1812.6196952330308	0.0
1814.4162465730783	0.0
1816.212797913126	0.0
1818.0093492531737	0.0
1819.8059005932214	1.0
1821.602451933269	0.0
1823.3990032733166	1.0
1825.1955546133643	1.0
1826.992105953412	0.0
1828.7886572934597	0.0
1830.5852086335071	0.0
1832.3817599735548	0.0
1834.1783113136025	1.0
1835.9748626536502	1.0
1837.7714139936977	0.0
