0	0
1	4
2	2
3	0
4	0
5	0
6	0
7	2
8	456
9	578
10	1873
11	2275
12	2233
13	2184
14	2305
15	2370
16	2484
17	2618
18	2600
19	2480
20	2494
21	2265
22	2157
23	2249
24	2216
25	2118
26	2148
27	2235
28	2282
29	2377
30	2649
31	3076
32	3413
33	3968
34	4761
35	5173
36	5286
37	5378
38	4899
39	4677
40	4104
41	3747
42	3479
43	3240
44	3039
45	2857
46	2601
47	2536
48	2324
49	2061
50	2005
51	2040
52	2029
53	1968
54	2017
55	2033
56	1896
57	1975
58	1958
59	2002
60	2016
61	2034
62	1987
63	2090
64	2045
65	2043
66	2052
67	2062
68	2180
69	2028
70	2084
71	2087
72	2102
73	2032
74	2045
75	2017
76	2031
77	2111
78	2118
79	2166
80	2128
81	2129
82	2219
83	2303
84	2150
85	2303
86	2242
87	2304
88	2479
89	2444
90	2471
91	2500
92	2540
93	2596
94	2598
95	2610
96	2601
97	2647
98	2651
99	2771
100	2737
101	2742
102	2637
103	2737
104	2616
105	2671
106	2642
107	2695
108	2522
109	2497
110	2591
111	2666
112	2526
113	2607
114	2584
115	2682
116	2670
117	2618
118	2573
119	2732
120	2640
121	2668
122	2661
123	2717
124	2556
125	2663
126	2602
127	2566
128	2585
129	2618
130	2557
131	2495
132	2462
133	2522
134	2576
135	2535
136	2397
137	2536
138	2400
139	2486
140	2447
141	2450
142	2418
143	2459
144	2427
145	2371
146	2383
147	2389
148	2356
149	2479
150	2300
151	2401
152	2403
153	2331
154	2336
155	2402
156	2342
157	2306
158	2357
159	2365
160	2387
161	2402
162	2377
163	2435
164	2337
165	2303
166	2334
167	2309
168	2303
169	2342
170	2253
171	2312
172	2169
173	2142
174	2152
175	2133
176	2067
177	2097
178	2014
179	1987
180	1939
181	1997
182	1833
183	1821
184	1770
185	1662
186	1565
187	1627
188	1557
189	1498
190	1425
191	1415
192	1388
193	1316
194	1304
195	1366
196	1210
197	1205
198	1219
199	1180
200	1190
201	1137
202	1144
203	1166
204	1050
205	1059
206	1070
207	1028
208	991
209	939
210	970
211	955
212	987
213	940
214	959
215	940
216	895
217	921
218	911
219	878
220	864
221	901
222	857
223	918
224	816
225	857
226	793
227	831
228	790
229	742
230	767
231	816
232	796
233	795
234	724
235	744
236	749
237	792
238	770
239	825
240	794
241	719
242	736
243	737
244	818
245	753
246	820
247	791
248	815
249	858
250	920
251	926
252	936
253	1112
254	1127
255	1258
256	1372
257	1479
258	1680
259	1834
260	2040
261	2290
262	2602
263	2899
264	3189
265	3486
266	3893
267	4418
268	4802
269	5218
270	5601
271	6226
272	6674
273	7107
274	7724
275	8043
276	8476
277	8908
278	9290
279	9671
280	9899
281	9794
282	9995
283	10138
284	10045
285	9996
286	9842
287	9761
288	9220
289	8885
290	8471
291	7847
292	7261
293	6799
294	6281
295	5819
296	5157
297	4786
298	4183
299	3740
300	3289
301	2902
302	2540
303	2233
304	1867
305	1674
306	1354
307	1185
308	1007
309	877
310	789
311	707
312	571
313	544
314	487
315	505
316	466
317	410
318	397
319	413
320	387
321	356
322	397
323	343
324	377
325	373
326	384
327	374
328	369
329	368
330	331
331	360
332	370
333	332
334	359
335	319
336	360
337	351
338	362
339	369
340	338
341	379
342	338
343	373
344	370
345	367
346	347
347	318
348	350
349	343
350	342
351	352
352	330
353	360
354	359
355	328
356	369
357	351
358	327
359	336
360	328
361	344
362	328
363	311
364	334
365	325
366	312
367	349
368	347
369	331
370	310
371	334
372	345
373	340
374	328
375	329
376	329
377	358
378	295
379	320
380	354
381	320
382	303
383	358
384	303
385	332
386	318
387	339
388	306
389	343
390	315
391	341
392	323
393	307
394	308
395	331
396	334
397	320
398	339
399	312
400	338
401	295
402	282
403	344
404	313
405	311
406	328
407	318
408	340
409	338
410	278
411	320
412	335
413	347
414	311
415	336
416	306
417	335
418	314
419	322
420	316
421	353
422	297
423	314
424	334
425	318
426	322
427	341
428	337
429	341
430	352
431	320
432	325
433	344
434	292
435	350
436	337
437	294
438	340
439	340
440	337
441	360
442	347
443	362
444	369
445	374
446	322
447	329
448	324
449	338
450	374
451	343
452	348
453	304
454	377
455	336
456	334
457	309
458	312
459	368
460	362
461	343
462	352
463	363
464	355
465	342
466	347
467	365
468	329
469	310
470	327
471	286
472	321
473	334
474	312
475	336
476	370
477	347
478	330
479	339
480	327
481	357
482	310
483	352
484	393
485	349
486	367
487	337
488	337
489	354
490	342
491	355
492	372
493	340
494	387
495	353
496	360
497	370
498	377
499	374
500	351
501	356
502	357
503	362
504	363
505	348
506	334
507	336
508	345
509	350
510	365
511	376
512	356
513	342
514	355
515	348
516	368
517	356
518	373
519	388
520	394
521	408
522	408
523	374
524	363
525	360
526	375
527	371
528	358
529	403
530	346
531	400
532	389
533	361
534	369
535	393
536	366
537	397
538	389
539	369
540	368
541	385
542	385
543	421
544	406
545	359
546	376
547	372
548	374
549	371
550	381
551	413
552	370
553	372
554	399
555	375
556	387
557	357
558	375
559	385
560	371
561	352
562	318
563	347
564	350
565	378
566	330
567	326
568	339
569	312
570	335
571	353
572	339
573	304
574	321
575	356
576	314
577	296
578	308
579	312
580	286
581	274
582	289
583	277
584	246
585	258
586	248
587	251
588	240
589	261
590	216
591	224
592	203
593	201
594	202
595	196
596	198
597	177
598	177
599	183
600	193
601	153
602	161
603	170
604	149
605	136
606	145
607	125
608	118
609	137
610	130
611	117
612	111
613	110
614	109
615	106
616	96
617	125
618	97
619	77
620	87
621	60
622	74
623	95
624	101
625	91
626	84
627	86
628	76
629	87
630	74
631	77
632	77
633	79
634	58
635	69
636	54
637	63
638	73
639	64
640	70
641	63
642	51
643	56
644	57
645	64
646	68
647	78
648	54
649	67
650	74
651	66
652	72
653	81
654	62
655	60
656	81
657	102
658	95
659	103
660	88
661	120
662	114
663	130
664	120
665	133
666	136
667	149
668	153
669	179
670	182
671	207
672	237
673	245
674	266
675	282
676	305
677	338
678	342
679	379
680	409
681	441
682	448
683	465
684	496
685	474
686	556
687	573
688	645
689	649
690	683
691	757
692	710
693	745
694	783
695	841
696	916
697	878
698	909
699	958
700	987
701	1042
702	1050
703	1090
704	1102
705	1134
706	1005
707	1043
708	1103
709	1061
710	1071
711	1137
712	1059
713	1100
714	1100
715	1083
716	1066
717	995
718	1007
719	980
720	914
721	949
722	862
723	838
724	807
725	825
726	754
727	736
728	654
729	616
730	651
731	595
732	571
733	570
734	488
735	456
736	470
737	415
738	393
739	406
740	333
741	308
742	306
743	270
744	221
745	212
746	218
747	186
748	172
749	139
750	131
751	150
752	122
753	104
754	82
755	85
756	71
757	58
758	68
759	79
760	60
761	43
762	46
763	39
764	28
765	26
766	27
767	34
768	23
769	23
770	20
771	23
772	25
773	16
774	14
775	12
776	14
777	22
778	17
779	20
780	16
781	15
782	13
783	10
784	19
785	15
786	7
787	12
788	20
789	9
790	12
791	11
792	10
793	10
794	14
795	14
796	10
797	10
798	20
799	17
800	20
801	12
802	17
803	16
804	11
805	15
806	16
807	18
808	9
809	15
810	11
811	7
812	14
813	10
814	13
815	6
816	18
817	12
818	16
819	12
820	13
821	10
822	17
823	7
824	14
825	9
826	13
827	9
828	10
829	14
830	9
831	13
832	13
833	17
834	16
835	10
836	12
837	13
838	13
839	5
840	11
841	15
842	12
843	10
844	9
845	14
846	10
847	19
848	11
849	10
850	16
851	13
852	10
853	9
854	14
855	16
856	12
857	12
858	6
859	7
860	8
861	9
862	6
863	9
864	13
865	10
866	6
867	14
868	10
869	15
870	8
871	7
872	17
873	14
874	12
875	8
876	10
877	8
878	8
879	11
880	11
881	10
882	14
883	7
884	9
885	14
886	9
887	8
888	7
889	11
890	9
891	7
892	6
893	5
894	7
895	3
896	14
897	5
898	8
899	11
900	8
901	8
902	8
903	5
904	10
905	8
906	4
907	8
908	8
909	9
910	9
911	5
912	7
913	3
914	5
915	5
916	3
917	2
918	7
919	6
920	5
921	4
922	5
923	2
924	4
925	2
926	3
927	8
928	4
929	1
930	3
931	9
932	0
933	4
934	2
935	2
936	1
937	1
938	1
939	4
940	1
941	5
942	1
943	1
944	3
945	3
946	2
947	2
948	4
949	3
950	2
951	3
952	3
953	3
954	2
955	5
956	3
957	4
958	3
959	1
960	3
961	5
962	2
963	3
964	3
965	5
966	4
967	1
968	2
969	2
970	4
971	3
972	9
973	2
974	6
975	6
976	4
977	0
978	4
979	10
980	3
981	2
982	8
983	5
984	8
985	9
986	4
987	12
988	8
989	10
990	10
991	7
992	11
993	4
994	13
995	7
996	11
997	12
998	6
999	10
1000	9
1001	13
1002	7
1003	10
1004	8
1005	14
1006	10
1007	8
1008	17
1009	18
1010	20
1011	14
1012	19
1013	17
1014	15
1015	19
1016	10
1017	15
1018	14
1019	26
1020	16
1021	10
1022	9
1023	0
