0	0
1	0
2	0
3	0
4	0
5	0
6	0
7	2
8	214
9	334
10	1000
11	1218
12	1191
13	1241
14	1234
15	1329
16	1368
17	1353
18	1394
19	1283
20	1321
21	1182
22	1191
23	1220
24	1269
25	1170
26	1204
27	1192
28	1234
29	1410
30	1550
31	1784
32	2045
33	2391
34	2671
35	2962
36	2977
37	2901
38	2640
39	2433
40	2163
41	1916
42	1856
43	1721
44	1554
45	1452
46	1385
47	1309
48	1161
49	1114
50	1116
51	1100
52	1071
53	1124
54	1111
55	1053
56	1049
57	1077
58	1135
59	1094
60	1066
61	1102
62	1196
63	1170
64	1133
65	1069
66	1119
67	1144
68	1149
69	1084
70	1153
71	1194
72	1160
73	1150
74	1074
75	1143
76	1154
77	1249
78	1166
79	1234
80	1161
81	1179
82	1156
83	1234
84	1261
85	1295
86	1257
87	1311
88	1297
89	1342
90	1373
91	1378
92	1451
93	1450
94	1486
95	1520
96	1463
97	1495
98	1436
99	1479
100	1468
101	1409
102	1527
103	1495
104	1423
105	1454
106	1375
107	1504
108	1412
109	1434
110	1410
111	1452
112	1399
113	1482
114	1448
115	1480
116	1444
117	1441
118	1395
119	1427
120	1453
121	1365
122	1347
123	1401
124	1452
125	1436
126	1397
127	1393
128	1423
129	1385
130	1409
131	1417
132	1357
133	1386
134	1369
135	1390
136	1407
137	1329
138	1370
139	1257
140	1300
141	1275
142	1388
143	1362
144	1314
145	1265
146	1297
147	1266
148	1258
149	1233
150	1235
151	1257
152	1302
153	1313
154	1274
155	1271
156	1237
157	1346
158	1269
159	1303
160	1278
161	1333
162	1292
163	1278
164	1257
165	1252
166	1286
167	1252
168	1246
169	1231
170	1164
171	1220
172	1231
173	1156
174	1147
175	1124
176	1103
177	1083
178	1057
179	964
180	981
181	934
182	888
183	922
184	869
185	847
186	803
187	792
188	775
189	694
190	733
191	701
192	663
193	693
194	670
195	691
196	633
197	703
198	618
199	628
200	619
201	605
202	585
203	615
204	550
205	598
206	583
207	544
208	584
209	583
210	520
211	488
212	515
213	489
214	530
215	466
216	468
217	474
218	436
219	494
220	462
221	457
222	473
223	486
224	436
225	463
226	414
227	448
228	462
229	470
230	404
231	429
232	386
233	416
234	445
235	413
236	412
237	416
238	419
239	423
240	406
241	411
242	419
243	447
244	432
245	445
246	502
247	506
248	501
249	577
250	582
251	582
252	706
253	765
254	808
255	953
256	1031
257	1124
258	1296
259	1396
260	1659
261	1846
262	2064
263	2248
264	2491
265	2669
266	3062
267	3236
268	3408
269	3858
270	4008
271	4458
272	4521
273	4622
274	4986
275	5140
276	5371
277	5339
278	5392
279	5607
280	5376
281	5303
282	5356
283	5377
284	5025
285	4720
286	4619
287	4456
288	4102
289	3810
290	3503
291	3268
292	2902
293	2601
294	2347
295	2142
296	1830
297	1580
298	1394
299	1264
300	1100
301	900
302	811
303	705
304	560
305	502
306	417
307	390
308	345
309	330
310	263
311	270
312	236
313	231
314	235
315	212
316	219
317	183
318	202
319	203
320	185
321	211
322	217
323	168
324	181
325	198
326	180
327	201
328	197
329	202
330	184
331	189
332	207
333	219
334	192
335	199
336	180
337	179
338	201
339	180
340	176
341	180
342	198
343	180
344	159
345	220
346	215
347	193
348	201
349	184
350	146
351	199
352	178
353	163
354	197
355	201
356	177
357	193
358	182
359	209
360	164
361	198
362	194
363	183
364	186
365	212
366	185
367	207
368	163
369	158
370	155
371	168
372	191
373	157
374	179
375	179
376	171
377	171
378	195
379	191
380	174
381	185
382	185
383	181
384	179
385	162
386	194
387	197
388	161
389	191
390	164
391	163
392	178
393	162
394	167
395	184
396	192
397	196
398	179
399	190
400	187
401	163
402	196
403	179
404	189
405	196
406	192
407	186
408	177
409	195
410	178
411	179
412	192
413	168
414	207
415	171
416	157
417	170
418	159
419	179
420	182
421	188
422	171
423	199
424	159
425	193
426	230
427	182
428	169
429	193
430	188
431	197
432	189
433	183
434	178
435	209
436	198
437	198
438	194
439	196
440	183
441	196
442	174
443	190
444	191
445	166
446	164
447	206
448	181
449	178
450	183
451	183
452	167
453	176
454	184
455	201
456	164
457	178
458	195
459	170
460	193
461	192
462	166
463	180
464	192
465	175
466	173
467	156
468	199
469	200
470	177
471	185
472	166
473	173
474	195
475	209
476	181
477	177
478	198
479	193
480	172
481	191
482	203
483	193
484	170
485	193
486	176
487	184
488	176
489	199
490	178
491	220
492	197
493	188
494	183
495	195
496	202
497	200
498	199
499	187
500	173
501	232
502	198
503	205
504	194
505	179
506	206
507	223
508	190
509	220
510	201
511	216
512	219
513	217
514	224
515	210
516	194
517	219
518	208
519	210
520	176
521	223
522	219
523	184
524	191
525	202
526	191
527	219
528	219
529	194
530	192
531	229
532	201
533	205
534	228
535	197
536	185
537	203
538	207
539	196
540	200
541	215
542	193
543	230
544	210
545	202
546	201
547	194
548	208
549	199
550	189
551	208
552	197
553	201
554	188
555	164
556	190
557	207
558	183
559	189
560	186
561	166
562	170
563	200
564	199
565	190
566	186
567	179
568	195
569	183
570	155
571	157
572	164
573	162
574	163
575	140
576	149
577	126
578	139
579	149
580	115
581	120
582	110
583	130
584	125
585	104
586	97
587	99
588	112
589	110
590	99
591	102
592	103
593	85
594	75
595	61
596	80
597	82
598	79
599	54
600	71
601	63
602	57
603	53
604	60
605	58
606	56
607	56
608	56
609	60
610	58
611	55
612	52
613	55
614	58
615	46
616	51
617	49
618	48
619	42
620	30
621	38
622	47
623	41
624	23
625	53
626	45
627	42
628	28
629	41
630	33
631	27
632	29
633	34
634	32
635	28
636	29
637	38
638	35
639	39
640	46
641	31
642	37
643	35
644	35
645	40
646	42
647	50
648	50
649	49
650	54
651	65
652	60
653	56
654	77
655	79
656	76
657	73
658	83
659	83
660	110
661	107
662	105
663	151
664	120
665	126
666	147
667	149
668	187
669	172
670	201
671	220
672	211
673	228
674	258
675	274
676	300
677	284
678	311
679	324
680	345
681	383
682	414
683	421
684	419
685	453
686	442
687	516
688	462
689	504
690	509
691	530
692	540
693	539
694	589
695	585
696	605
697	592
698	606
699	632
700	609
701	592
702	594
703	566
704	546
705	575
706	557
707	550
708	571
709	565
710	524
711	524
712	490
713	497
714	426
715	460
716	416
717	413
718	411
719	414
720	363
721	355
722	318
723	307
724	276
725	295
726	238
727	234
728	216
729	193
730	203
731	181
732	176
733	139
734	145
735	147
736	109
737	116
738	97
739	96
740	90
741	76
742	73
743	61
744	50
745	43
746	48
747	33
748	35
749	26
750	25
751	26
752	29
753	21
754	20
755	20
756	17
757	20
758	18
759	18
760	13
761	11
762	15
763	12
764	11
765	12
766	8
767	8
768	10
769	9
770	6
771	6
772	5
773	6
774	8
775	2
776	11
777	8
778	8
779	8
780	9
781	6
782	9
783	8
784	4
785	8
786	8
787	10
788	5
789	8
790	8
791	8
792	8
793	8
794	9
795	7
796	5
797	9
798	5
799	6
800	11
801	9
802	6
803	10
804	6
805	8
806	8
807	8
808	5
809	4
810	8
811	11
812	4
813	8
814	7
815	2
816	12
817	10
818	8
819	5
820	5
821	9
822	6
823	16
824	4
825	5
826	6
827	8
828	6
829	9
830	4
831	7
832	9
833	11
834	8
835	4
836	8
837	6
838	5
839	5
840	3
841	5
842	6
843	11
844	4
845	8
846	6
847	4
848	5
849	4
850	7
851	6
852	9
853	10
854	4
855	5
856	5
857	3
858	5
859	6
860	5
861	7
862	5
863	4
864	7
865	2
866	5
867	2
868	1
869	4
870	1
871	7
872	5
873	5
874	5
875	4
876	3
877	6
878	6
879	9
880	5
881	3
882	5
883	5
884	1
885	4
886	3
887	2
888	7
889	2
890	1
891	2
892	3
893	5
894	2
895	2
896	3
897	1
898	3
899	5
900	3
901	3
902	2
903	2
904	5
905	5
906	2
907	2
908	4
909	6
910	2
911	2
912	3
913	3
914	5
915	2
916	1
917	3
918	2
919	2
920	3
921	1
922	0
923	0
924	0
925	0
926	3
927	1
928	3
929	1
930	2
931	1
932	1
933	1
934	2
935	2
936	3
937	3
938	1
939	1
940	1
941	2
942	3
943	1
944	0
945	6
946	1
947	0
948	1
949	5
950	1
951	2
952	0
953	3
954	2
955	2
956	1
957	5
958	2
959	5
960	2
961	5
962	3
963	2
964	1
965	3
966	3
967	3
968	4
969	2
970	5
971	4
972	1
973	3
974	4
975	6
976	7
977	4
978	3
979	3
980	6
981	0
982	7
983	4
984	5
985	6
986	5
987	3
988	9
989	3
990	4
991	7
992	8
993	5
994	12
995	6
996	7
997	5
998	8
999	8
1000	10
1001	3
1002	8
1003	6
1004	8
1005	7
1006	9
1007	6
1008	13
1009	7
1010	5
1011	11
1012	5
1013	6
1014	4
1015	9
1016	2
1017	11
1018	4
1019	6
1020	9
1021	4
1022	4
1023	0
