path	'/Users/Elisa/Documents/GitHub/Phys359/Compton Scattering/norod_27deg.Chn'
start_time	time.struct_time(tm_year=2019, tm_mon=4, tm_mday=5, tm_hour=13, tm_min=3, tm_sec=32, tm_wday=4, tm_yday=95, tm_isdst=-1)
real_time	400.68
live_time	244.3

Channel	Counts
0	0
1	3
2	3
3	0
4	0
5	0
6	0
7	1
8	602
9	877
10	2479
11	3064
12	2974
13	3057
14	3126
15	3379
16	3589
17	3595
18	3759
19	3830
20	3510
21	3251
22	3280
23	3317
24	3188
25	3315
26	3279
27	3324
28	3663
29	3881
30	4321
31	5023
32	5912
33	6981
34	8007
35	8678
36	9255
37	9102
38	8633
39	7988
40	7228
41	6329
42	5956
43	5623
44	5231
45	4807
46	4297
47	4018
48	3779
49	3478
50	3439
51	3483
52	3502
53	3533
54	3410
55	3570
56	3578
57	3588
58	3653
59	3588
60	3716
61	3728
62	3682
63	3779
64	3836
65	3678
66	3730
67	3817
68	3735
69	3779
70	3891
71	3786
72	3760
73	3883
74	3790
75	3863
76	3880
77	3851
78	3763
79	4024
80	3890
81	3866
82	3982
83	4147
84	4164
85	4087
86	4163
87	4392
88	4322
89	4484
90	4604
91	4543
92	4753
93	4581
94	4707
95	4783
96	4725
97	4828
98	4722
99	4697
100	4745
101	4779
102	4514
103	4588
104	4472
105	4362
106	4293
107	4196
108	4205
109	4143
110	4048
111	4178
112	3868
113	4046
114	3872
115	3923
116	3845
117	3874
118	3794
119	3707
120	3792
121	3737
122	3712
123	3553
124	3673
125	3598
126	3599
127	3792
128	3490
129	3523
130	3542
131	3544
132	3386
133	3555
134	3453
135	3537
136	3375
137	3480
138	3344
139	3399
140	3337
141	3247
142	3255
143	3317
144	3354
145	3129
146	3315
147	3312
148	3243
149	3267
150	3125
151	3349
152	3219
153	3161
154	3117
155	3125
156	3148
157	3263
158	3147
159	3210
160	3070
161	3199
162	3066
163	3083
164	3034
165	3102
166	3016
167	3150
168	2989
169	3110
170	2969
171	3088
172	2988
173	2996
174	3024
175	3139
176	2968
177	2923
178	2987
179	2997
180	3017
181	2952
182	3007
183	3076
184	2953
185	2800
186	2987
187	3028
188	2891
189	2963
190	3031
191	3015
192	2889
193	2972
194	2892
195	2967
196	2855
197	2995
198	2923
199	2969
200	2928
201	2979
202	2904
203	2973
204	2924
205	2966
206	2952
207	3032
208	2980
209	2950
210	2945
211	3003
212	2939
213	2991
214	2961
215	3047
216	3031
217	2869
218	2891
219	2982
220	2949
221	3048
222	2987
223	2947
224	2940
225	2996
226	2965
227	2973
228	2943
229	3019
230	3005
231	3004
232	2996
233	3053
234	3052
235	2921
236	2924
237	2909
238	3001
239	3056
240	3026
241	2945
242	3064
243	3000
244	2982
245	2974
246	2958
247	3066
248	2975
249	2944
250	3026
251	2964
252	2901
253	2939
254	2894
255	3004
256	2766
257	2900
258	2796
259	2869
260	2756
261	2784
262	2708
263	2766
264	2779
265	2582
266	2707
267	2587
268	2652
269	2619
270	2577
271	2617
272	2547
273	2566
274	2569
275	2558
276	2507
277	2414
278	2578
279	2446
280	2425
281	2498
282	2371
283	2428
284	2352
285	2329
286	2351
287	2395
288	2414
289	2330
290	2344
291	2395
292	2347
293	2436
294	2392
295	2401
296	2321
297	2379
298	2296
299	2415
300	2335
301	2363
302	2355
303	2296
304	2417
305	2402
306	2413
307	2343
308	2482
309	2513
310	2465
311	2504
312	2462
313	2471
314	2405
315	2627
316	2524
317	2566
318	2618
319	2646
320	2598
321	2641
322	2745
323	2677
324	2671
325	2657
326	2593
327	2721
328	2769
329	2739
330	2720
331	2773
332	2766
333	2754
334	2726
335	2770
336	2791
337	2856
338	2827
339	3005
340	2914
341	2905
342	3017
343	3155
344	3142
345	3179
346	3274
347	3471
348	3539
349	3524
350	3592
351	3773
352	3792
353	3906
354	3907
355	4116
356	4079
357	4181
358	4253
359	4313
360	4377
361	4391
362	4370
363	4442
364	4361
365	4436
366	4275
367	4410
368	4215
369	4059
370	3936
371	3877
372	3760
373	3602
374	3370
375	3226
376	3125
377	2879
378	2614
379	2572
380	2353
381	2125
382	1950
383	1780
384	1525
385	1397
386	1214
387	1083
388	925
389	824
390	746
391	611
392	562
393	435
394	376
395	373
396	244
397	220
398	187
399	152
400	133
401	123
402	86
403	66
404	67
405	52
406	33
407	35
408	20
409	27
410	16
411	17
412	6
413	16
414	10
415	15
416	9
417	11
418	9
419	9
420	12
421	7
422	13
423	14
424	8
425	15
426	11
427	15
428	11
429	4
430	10
431	11
432	10
433	13
434	14
435	14
436	6
437	12
438	13
439	12
440	6
441	10
442	10
443	6
444	7
445	6
446	11
447	11
448	7
449	3
450	11
451	10
452	4
453	7
454	13
455	8
456	6
457	8
458	6
459	5
460	6
461	6
462	7
463	9
464	5
465	7
466	9
467	5
468	6
469	8
470	8
471	9
472	10
473	8
474	7
475	8
476	8
477	8
478	13
479	6
480	8
481	9
482	15
483	4
484	8
485	7
486	6
487	8
488	4
489	9
490	7
491	8
492	6
493	6
494	8
495	9
496	10
497	7
498	5
499	5
500	4
501	9
502	9
503	24
504	3
505	5
506	7
507	7
508	3
509	4
510	7
511	18
512	5
513	3
514	6
515	10
516	8
517	5
518	8
519	7
520	3
521	4
522	7
523	7
524	1
525	8
526	7
527	6
528	3
529	4
530	9
531	3
532	6
533	6
534	3
535	8
536	2
537	5
538	8
539	1
540	5
541	9
542	4
543	4
544	2
545	6
546	8
547	7
548	1
549	4
550	4
551	3
552	3
553	3
554	2
555	4
556	6
557	6
558	4
559	6
560	4
561	9
562	5
563	6
564	4
565	3
566	7
567	7
568	3
569	2
570	6
571	3
572	3
573	5
574	4
575	3
576	6
577	3
578	8
579	5
580	3
581	4
582	6
583	8
584	9
585	6
586	9
587	4
588	4
589	5
590	3
591	2
592	4
593	6
594	7
595	3
596	5
597	3
598	4
599	2
600	5
601	5
602	5
603	5
604	4
605	3
606	5
607	3
608	4
609	0
610	8
611	7
612	4
613	2
614	3
615	3
616	4
617	2
618	3
619	6
620	3
621	5
622	4
623	5
624	2
625	6
626	7
627	4
628	0
629	3
630	5
631	2
632	7
633	4
634	5
635	4
636	4
637	1
638	3
639	2
640	7
641	6
642	4
643	2
644	6
645	8
646	4
647	4
648	5
649	3
650	2
651	3
652	0
653	3
654	4
655	3
656	5
657	5
658	3
659	2
660	5
661	4
662	5
663	4
664	4
665	2
666	5
667	3
668	4
669	2
670	2
671	3
672	7
673	7
674	4
675	2
676	6
677	5
678	2
679	3
680	3
681	1
682	5
683	4
684	5
685	2
686	3
687	5
688	5
689	3
690	2
691	2
692	4
693	3
694	2
695	4
696	3
697	1
698	4
699	2
700	2
701	4
702	0
703	1
704	1
705	4
706	1
707	5
708	5
709	4
710	2
711	1
712	0
713	4
714	2
715	1
716	2
717	4
718	5
719	0
720	1
721	2
722	1
723	1
724	2
725	2
726	1
727	2
728	4
729	1
730	2
731	1
732	3
733	1
734	2
735	2
736	4
737	1
738	4
739	0
740	0
741	1
742	0
743	4
744	1
745	1
746	2
747	2
748	3
749	4
750	2
751	2
752	5
753	1
754	3
755	0
756	0
757	3
758	2
759	0
760	1
761	2
762	2
763	1
764	4
765	0
766	0
767	1
768	2
769	5
770	0
771	2
772	1
773	6
774	3
775	0
776	1
777	2
778	2
779	2
780	2
781	4
782	3
783	3
784	2
785	3
786	1
787	3
788	2
789	5
790	4
791	4
792	8
793	4
794	3
795	7
796	3
797	4
798	7
799	3
800	4
801	3
802	1
803	1
804	3
805	5
806	4
807	3
808	0
809	2
810	2
811	4
812	4
813	4
814	2
815	2
816	4
817	3
818	3
819	1
820	5
821	5
822	3
823	4
824	3
825	0
826	2
827	1
828	4
829	1
830	3
831	0
832	2
833	2
834	0
835	2
836	2
837	3
838	3
839	1
840	0
841	5
842	0
843	2
844	2
845	1
846	1
847	1
848	2
849	2
850	3
851	3
852	0
853	1
854	0
855	0
856	1
857	0
858	0
859	4
860	0
861	0
862	0
863	2
864	3
865	1
866	1
867	1
868	2
869	0
870	0
871	1
872	0
873	2
874	2
875	1
876	1
877	1
878	2
879	1
880	0
881	1
882	1
883	1
884	1
885	2
886	2
887	2
888	1
889	0
890	1
891	1
892	1
893	0
894	0
895	1
896	0
897	0
898	0
899	0
900	0
901	0
902	0
903	1
904	0
905	1
906	0
907	0
908	1
909	0
910	0
911	0
912	0
913	0
914	0
915	0
916	0
917	1
918	0
919	0
920	0
921	0
922	0
923	1
924	0
925	0
926	0
927	0
928	0
929	1
930	1
931	1
932	0
933	0
934	1
935	1
936	0
937	0
938	0
939	1
940	1
941	1
942	0
943	0
944	0
945	0
946	1
947	0
948	0
949	0
950	1
951	0
952	0
953	0
954	0
955	0
956	1
957	0
958	1
959	1
960	1
961	1
962	0
963	0
964	0
965	1
966	0
967	0
968	0
969	0
970	0
971	0
972	2
973	1
974	0
975	2
976	0
977	0
978	2
979	1
980	0
981	0
982	1
983	0
984	0
985	1
986	0
987	0
988	0
989	0
990	1
991	0
992	0
993	0
994	0
995	1
996	0
997	0
998	1
999	0
1000	0
1001	1
1002	0
1003	0
1004	0
1005	1
1006	0
1007	0
1008	0
1009	0
1010	0
1011	0
1012	0
1013	0
1014	0
1015	0
1016	1
1017	0
1018	0
1019	0
1020	0
1021	0
1022	0
1023	0
