path	'/Users/Elisa/Documents/GitHub/Phys359/Compton Scattering/norod2_15deg.Chn'
start_time	time.struct_time(tm_year=2019, tm_mon=3, tm_mday=27, tm_hour=14, tm_min=29, tm_sec=55, tm_wday=2, tm_yday=86, tm_isdst=-1)
real_time	453.68
live_time	259.74

Channel	Counts
0	0
1	8
2	5
3	0
4	0
5	0
6	0
7	2
8	1007
9	1406
10	4222
11	4896
12	4861
13	4991
14	5257
15	5954
16	6427
17	6872
18	7028
19	6875
20	6329
21	5710
22	5553
23	5426
24	5333
25	5478
26	5387
27	5682
28	6192
29	7070
30	8465
31	10840
32	13827
33	17149
34	20281
35	22510
36	23084
37	22072
38	19981
39	17783
40	15207
41	13519
42	12267
43	11347
44	9983
45	8676
46	7214
47	6580
48	5613
49	4945
50	4720
51	4626
52	4585
53	4652
54	4699
55	4902
56	4864
57	4893
58	5063
59	5005
60	4989
61	5052
62	5143
63	5078
64	5082
65	5086
66	5031
67	5074
68	5002
69	4881
70	5125
71	5193
72	5109
73	5227
74	5304
75	5209
76	5110
77	5361
78	5276
79	5385
80	5329
81	5538
82	5500
83	5607
84	5579
85	5702
86	5838
87	5958
88	6124
89	5971
90	6219
91	6208
92	6257
93	6510
94	6492
95	6598
96	6528
97	6556
98	6582
99	6579
100	6504
101	6439
102	6375
103	6359
104	6327
105	6202
106	6072
107	6151
108	5934
109	6020
110	5748
111	5801
112	5805
113	5777
114	5634
115	5709
116	5719
117	5596
118	5552
119	5677
120	5643
121	5617
122	5375
123	5557
124	5462
125	5367
126	5425
127	5458
128	5304
129	5366
130	5305
131	5296
132	5313
133	5293
134	5183
135	5189
136	5272
137	5226
138	5098
139	5240
140	5189
141	5082
142	5075
143	5192
144	5165
145	5208
146	5102
147	5069
148	4995
149	4906
150	4895
151	5002
152	4962
153	5011
154	4931
155	4927
156	4981
157	4963
158	4779
159	5057
160	4794
161	4912
162	4818
163	4919
164	4766
165	4826
166	4822
167	4864
168	4743
169	4633
170	4629
171	4662
172	4825
173	4595
174	4659
175	4776
176	4701
177	4561
178	4753
179	4736
180	4682
181	4703
182	4800
183	4728
184	4727
185	4731
186	4753
187	4598
188	4659
189	4727
190	4715
191	4829
192	4596
193	4693
194	4669
195	4739
196	4701
197	4743
198	4694
199	4767
200	4674
201	4622
202	4765
203	4676
204	4693
205	4758
206	4871
207	4742
208	4753
209	4679
210	4715
211	4725
212	4715
213	4616
214	4693
215	4813
216	4801
217	4796
218	4897
219	4899
220	4598
221	4861
222	4830
223	4831
224	4855
225	4866
226	4826
227	4838
228	4908
229	4851
230	4900
231	4983
232	4864
233	4913
234	4754
235	4886
236	4774
237	4821
238	4925
239	4983
240	4845
241	4852
242	4721
243	4852
244	4657
245	4773
246	4553
247	4639
248	4604
249	4654
250	4488
251	4593
252	4554
253	4599
254	4410
255	4589
256	4432
257	4320
258	4344
259	4153
260	4172
261	4155
262	4097
263	4121
264	4080
265	4050
266	4069
267	3993
268	3945
269	3969
270	3866
271	3892
272	3742
273	3902
274	3880
275	3844
276	3786
277	3714
278	3539
279	3744
280	3627
281	3592
282	3538
283	3504
284	3443
285	3504
286	3422
287	3339
288	3157
289	3300
290	3189
291	3229
292	3151
293	3143
294	2964
295	2968
296	2921
297	2850
298	2856
299	2787
300	2727
301	2642
302	2627
303	2625
304	2563
305	2500
306	2504
307	2376
308	2300
309	2249
310	2165
311	2268
312	2069
313	2045
314	2032
315	2001
316	1962
317	1905
318	1871
319	1840
320	1928
321	1756
322	1694
323	1723
324	1676
325	1680
326	1608
327	1633
328	1616
329	1611
330	1577
331	1674
332	1519
333	1580
334	1631
335	1728
336	1673
337	1711
338	1733
339	1798
340	1864
341	1951
342	2012
343	2087
344	2222
345	2335
346	2470
347	2659
348	2740
349	2925
350	3036
351	3251
352	3274
353	3542
354	3773
355	3852
356	3992
357	4042
358	4299
359	4456
360	4497
361	4522
362	4516
363	4596
364	4582
365	4524
366	4621
367	4540
368	4501
369	4319
370	4212
371	4123
372	3795
373	3744
374	3503
375	3306
376	3049
377	2869
378	2514
379	2378
380	2148
381	1917
382	1750
383	1657
384	1452
385	1201
386	1101
387	914
388	799
389	716
390	546
391	507
392	413
393	348
394	295
395	242
396	202
397	155
398	116
399	133
400	83
401	90
402	68
403	54
404	35
405	25
406	29
407	31
408	25
409	21
410	12
411	16
412	16
413	20
414	12
415	22
416	20
417	11
418	13
419	15
420	12
421	13
422	11
423	16
424	12
425	21
426	11
427	17
428	5
429	11
430	10
431	7
432	10
433	11
434	20
435	8
436	9
437	14
438	12
439	11
440	21
441	10
442	14
443	18
444	8
445	11
446	10
447	9
448	12
449	12
450	10
451	7
452	12
453	16
454	14
455	6
456	5
457	7
458	10
459	14
460	15
461	11
462	8
463	8
464	11
465	10
466	8
467	20
468	15
469	15
470	9
471	6
472	12
473	8
474	12
475	8
476	13
477	6
478	9
479	9
480	10
481	8
482	7
483	18
484	11
485	4
486	7
487	8
488	16
489	7
490	10
491	9
492	7
493	11
494	5
495	8
496	18
497	8
498	6
499	10
500	9
501	14
502	7
503	18
504	9
505	9
506	14
507	3
508	11
509	10
510	9
511	21
512	11
513	9
514	13
515	10
516	11
517	10
518	7
519	12
520	16
521	8
522	5
523	11
524	4
525	8
526	7
527	12
528	6
529	5
530	8
531	8
532	4
533	8
534	7
535	11
536	8
537	11
538	6
539	4
540	4
541	16
542	8
543	9
544	2
545	4
546	8
547	9
548	7
549	9
550	17
551	3
552	11
553	6
554	5
555	9
556	10
557	7
558	11
559	3
560	5
561	10
562	6
563	6
564	9
565	6
566	7
567	6
568	5
569	8
570	4
571	7
572	8
573	8
574	6
575	8
576	3
577	7
578	3
579	2
580	3
581	4
582	1
583	3
584	2
585	5
586	3
587	0
588	5
589	5
590	5
591	6
592	12
593	4
594	5
595	2
596	5
597	7
598	10
599	9
600	4
601	5
602	3
603	8
604	3
605	3
606	5
607	7
608	4
609	7
610	5
611	8
612	9
613	7
614	4
615	4
616	4
617	11
618	4
619	2
620	4
621	7
622	4
623	6
624	2
625	5
626	4
627	8
628	7
629	4
630	3
631	6
632	4
633	7
634	6
635	3
636	2
637	6
638	2
639	1
640	6
641	6
642	3
643	4
644	5
645	3
646	4
647	7
648	5
649	1
650	4
651	3
652	8
653	5
654	5
655	4
656	2
657	5
658	1
659	1
660	6
661	1
662	2
663	6
664	0
665	3
666	6
667	3
668	1
669	5
670	2
671	1
672	3
673	6
674	3
675	3
676	0
677	1
678	4
679	4
680	4
681	0
682	1
683	2
684	7
685	0
686	1
687	4
688	4
689	0
690	4
691	3
692	1
693	3
694	1
695	3
696	7
697	0
698	2
699	7
700	1
701	2
702	2
703	4
704	1
705	5
706	2
707	3
708	4
709	2
710	0
711	1
712	3
713	2
714	2
715	2
716	1
717	1
718	2
719	1
720	3
721	4
722	3
723	1
724	2
725	0
726	3
727	2
728	0
729	3
730	2
731	3
732	0
733	4
734	1
735	2
736	4
737	2
738	4
739	2
740	2
741	2
742	3
743	1
744	0
745	4
746	2
747	0
748	3
749	2
750	5
751	0
752	2
753	6
754	3
755	1
756	3
757	0
758	2
759	1
760	4
761	1
762	2
763	1
764	5
765	3
766	3
767	3
768	2
769	1
770	1
771	3
772	3
773	4
774	0
775	0
776	6
777	1
778	2
779	4
780	2
781	1
782	4
783	2
784	2
785	6
786	1
787	4
788	4
789	3
790	1
791	4
792	7
793	5
794	5
795	3
796	5
797	7
798	6
799	4
800	2
801	3
802	4
803	4
804	4
805	7
806	8
807	4
808	4
809	5
810	5
811	3
812	3
813	5
814	3
815	2
816	3
817	5
818	3
819	8
820	1
821	5
822	5
823	3
824	7
825	6
826	3
827	1
828	1
829	5
830	5
831	4
832	2
833	2
834	4
835	2
836	1
837	2
838	2
839	1
840	4
841	1
842	4
843	0
844	2
845	2
846	2
847	3
848	3
849	0
850	1
851	2
852	0
853	3
854	2
855	1
856	0
857	0
858	1
859	1
860	1
861	0
862	0
863	2
864	2
865	1
866	0
867	1
868	0
869	0
870	2
871	2
872	0
873	0
874	1
875	1
876	0
877	1
878	0
879	1
880	2
881	2
882	1
883	0
884	1
885	2
886	1
887	0
888	0
889	1
890	0
891	0
892	0
893	1
894	0
895	0
896	1
897	1
898	0
899	0
900	0
901	0
902	1
903	0
904	0
905	1
906	0
907	2
908	1
909	0
910	0
911	0
912	1
913	0
914	0
915	1
916	0
917	0
918	0
919	0
920	0
921	0
922	0
923	0
924	0
925	1
926	0
927	0
928	0
929	0
930	1
931	0
932	1
933	1
934	0
935	1
936	0
937	0
938	0
939	0
940	0
941	0
942	1
943	1
944	0
945	0
946	0
947	0
948	0
949	1
950	0
951	0
952	0
953	1
954	0
955	0
956	0
957	0
958	0
959	1
960	2
961	2
962	1
963	0
964	1
965	1
966	0
967	1
968	0
969	1
970	0
971	0
972	0
973	1
974	0
975	1
976	0
977	1
978	1
979	0
980	0
981	0
982	1
983	1
984	0
985	1
986	0
987	0
988	0
989	0
990	0
991	1
992	2
993	0
994	0
995	1
996	0
997	0
998	1
999	0
1000	0
1001	1
1002	0
1003	1
1004	0
1005	0
1006	1
1007	1
1008	0
1009	0
1010	0
1011	0
1012	0
1013	2
1014	1
1015	1
1016	0
1017	0
1018	0
1019	0
1020	0
1021	1
1022	0
1023	0
