0	0
1	0
2	1
3	0
4	0
5	0
6	0
7	0
8	71
9	120
10	394
11	437
12	439
13	437
14	459
15	532
16	518
17	508
18	539
19	519
20	532
21	526
22	501
23	589
24	589
25	620
26	686
27	776
28	892
29	968
30	1109
31	1266
32	1376
33	1563
34	1646
35	1692
36	1696
37	1739
38	1516
39	1480
40	1401
41	1281
42	1217
43	1105
44	1185
45	1134
46	1041
47	1076
48	1072
49	1036
50	1095
51	1059
52	1153
53	1192
54	1132
55	1237
56	1197
57	1169
58	1261
59	1304
60	1320
61	1295
62	1226
63	1354
64	1305
65	1259
66	1248
67	1259
68	1242
69	1248
70	1204
71	1202
72	1221
73	1296
74	1332
75	1272
76	1360
77	1360
78	1345
79	1433
80	1468
81	1510
82	1468
83	1517
84	1626
85	1658
86	1716
87	1718
88	1890
89	1887
90	1991
91	2076
92	2088
93	2098
94	2088
95	2045
96	2023
97	1908
98	1860
99	1831
100	1668
101	1620
102	1559
103	1384
104	1269
105	1150
106	1072
107	1013
108	929
109	892
110	797
111	794
112	734
113	722
114	659
115	630
116	648
117	603
118	587
119	580
120	559
121	527
122	519
123	504
124	505
125	462
126	463
127	502
128	441
129	452
130	416
131	420
132	385
133	381
134	405
135	400
136	355
137	346
138	352
139	355
140	360
141	351
142	332
143	372
144	314
145	302
146	328
147	307
148	346
149	290
150	283
151	316
152	276
153	305
154	313
155	269
156	265
157	268
158	295
159	289
160	255
161	266
162	260
163	287
164	283
165	288
166	261
167	291
168	254
169	276
170	265
171	262
172	267
173	230
174	259
175	257
176	243
177	218
178	212
179	229
180	241
181	258
182	223
183	232
184	237
185	240
186	245
187	247
188	256
189	235
190	265
191	267
192	209
193	196
194	227
195	234
196	221
197	195
198	253
199	227
200	201
201	251
202	226
203	232
204	241
205	257
206	253
207	251
208	273
209	270
210	272
211	255
212	255
213	255
214	273
215	279
216	293
217	306
218	305
219	310
220	328
221	322
222	324
223	323
224	335
225	329
226	405
227	379
228	360
229	399
230	419
231	413
232	400
233	410
234	440
235	442
236	485
237	503
238	502
239	536
240	484
241	561
242	504
243	504
244	566
245	548
246	537
247	516
248	522
249	567
250	578
251	516
252	553
253	499
254	533
255	528
256	535
257	516
258	500
259	555
260	531
261	466
262	496
263	520
264	474
265	466
266	453
267	471
268	395
269	419
270	449
271	439
272	348
273	361
274	387
275	287
276	345
277	307
278	302
279	288
280	286
281	242
282	279
283	254
284	246
285	234
286	224
287	234
288	186
289	189
290	211
291	186
292	174
293	158
294	159
295	155
296	176
297	161
298	168
299	126
300	148
301	115
302	115
303	125
304	129
305	141
306	121
307	103
308	99
309	103
310	123
311	110
312	113
313	114
314	113
315	89
316	87
317	90
318	94
319	101
320	84
321	80
322	81
323	93
324	75
325	78
326	59
327	62
328	76
329	85
330	93
331	82
332	89
333	77
334	62
335	72
336	62
337	65
338	76
339	68
340	61
341	78
342	70
343	55
344	69
345	87
346	73
347	64
348	82
349	61
350	71
351	82
352	61
353	71
354	69
355	69
356	53
357	72
358	60
359	73
360	50
361	57
362	48
363	47
364	56
365	45
366	46
367	43
368	39
369	45
370	42
371	32
372	32
373	27
374	24
375	15
376	12
377	22
378	14
379	21
380	12
381	19
382	15
383	14
384	14
385	12
386	10
387	12
388	7
389	8
390	6
391	11
392	9
393	6
394	8
395	8
396	3
397	6
398	5
399	11
400	3
401	10
402	5
403	10
404	2
405	10
406	6
407	7
408	4
409	3
410	5
411	6
412	6
413	8
414	6
415	5
416	6
417	7
418	7
419	4
420	3
421	7
422	5
423	5
424	8
425	7
426	6
427	12
428	7
429	5
430	10
431	10
432	4
433	11
434	10
435	5
436	3
437	3
438	5
439	6
440	3
441	9
442	10
443	6
444	3
445	9
446	8
447	9
448	4
449	5
450	7
451	6
452	5
453	3
454	3
455	4
456	4
457	6
458	7
459	2
460	7
461	6
462	8
463	5
464	3
465	4
466	6
467	6
468	3
469	1
470	5
471	7
472	4
473	5
474	4
475	3
476	6
477	7
478	10
479	5
480	4
481	11
482	6
483	8
484	4
485	4
486	3
487	9
488	8
489	2
490	9
491	2
492	5
493	4
494	9
495	6
496	10
497	11
498	5
499	8
500	5
501	6
502	6
503	3
504	6
505	5
506	5
507	6
508	1
509	11
510	6
511	7
512	4
513	3
514	4
515	6
516	2
517	5
518	7
519	9
520	8
521	5
522	6
523	4
524	5
525	5
526	4
527	6
528	3
529	4
530	5
531	7
532	2
533	1
534	7
535	1
536	7
537	4
538	7
539	1
540	3
541	8
542	5
543	5
544	4
545	2
546	5
547	4
548	2
549	4
550	2
551	6
552	1
553	1
554	5
555	4
556	1
557	5
558	3
559	4
560	4
561	4
562	1
563	2
564	2
565	5
566	5
567	5
568	5
569	2
570	2
571	3
572	5
573	1
574	2
575	8
576	6
577	4
578	3
579	6
580	6
581	7
582	5
583	6
584	5
585	4
586	5
587	5
588	5
589	5
590	2
591	3
592	5
593	4
594	4
595	4
596	2
597	2
598	6
599	3
600	8
601	2
602	7
603	5
604	2
605	6
606	1
607	4
608	1
609	3
610	3
611	3
612	3
613	3
614	2
615	6
616	2
617	2
618	3
619	6
620	2
621	7
622	5
623	2
624	3
625	3
626	3
627	0
628	2
629	3
630	6
631	5
632	6
633	6
634	4
635	3
636	7
637	2
638	2
639	6
640	4
641	2
642	8
643	3
644	2
645	4
646	2
647	6
648	3
649	3
650	3
651	2
652	1
653	2
654	1
655	1
656	7
657	9
658	5
659	1
660	3
661	2
662	2
663	3
664	7
665	1
666	6
667	3
668	3
669	2
670	1
671	3
672	3
673	2
674	2
675	3
676	2
677	4
678	3
679	4
680	0
681	1
682	3
683	0
684	2
685	5
686	1
687	2
688	0
689	1
690	6
691	1
692	1
693	1
694	1
695	2
696	1
697	0
698	0
699	4
700	2
701	5
702	3
703	4
704	0
705	0
706	3
707	1
708	1
709	1
710	0
711	2
712	2
713	2
714	3
715	2
716	0
717	2
718	1
719	2
720	2
721	2
722	2
723	3
724	2
725	0
726	3
727	2
728	2
729	1
730	3
731	2
732	1
733	3
734	1
735	2
736	1
737	1
738	1
739	0
740	1
741	4
742	1
743	0
744	0
745	0
746	1
747	1
748	1
749	1
750	3
751	2
752	1
753	1
754	5
755	3
756	3
757	1
758	1
759	3
760	2
761	2
762	1
763	0
764	1
765	2
766	3
767	2
768	3
769	4
770	3
771	3
772	2
773	4
774	4
775	5
776	2
777	5
778	6
779	4
780	2
781	3
782	2
783	7
784	2
785	3
786	5
787	7
788	4
789	8
790	8
791	6
792	4
793	3
794	6
795	1
796	3
797	8
798	3
799	1
800	8
801	7
802	7
803	4
804	4
805	6
806	4
807	2
808	3
809	4
810	5
811	2
812	7
813	5
814	3
815	5
816	4
817	1
818	2
819	4
820	2
821	3
822	5
823	1
824	2
825	7
826	7
827	3
828	2
829	2
830	1
831	3
832	1
833	4
834	1
835	3
836	2
837	0
838	0
839	4
840	4
841	5
842	0
843	1
844	0
845	0
846	2
847	2
848	1
849	0
850	0
851	0
852	2
853	1
854	3
855	0
856	3
857	1
858	1
859	0
860	1
861	1
862	1
863	0
864	2
865	0
866	0
867	1
868	0
869	2
870	0
871	1
872	0
873	0
874	0
875	0
876	0
877	0
878	0
879	1
880	1
881	1
882	1
883	0
884	0
885	0
886	0
887	1
888	1
889	1
890	0
891	2
892	1
893	0
894	0
895	0
896	1
897	1
898	0
899	0
900	1
901	0
902	0
903	1
904	0
905	0
906	0
907	0
908	0
909	0
910	0
911	1
912	0
913	0
914	0
915	1
916	0
917	0
918	1
919	0
920	1
921	1
922	1
923	0
924	0
925	1
926	0
927	1
928	0
929	0
930	0
931	0
932	2
933	0
934	2
935	1
936	1
937	0
938	0
939	0
940	1
941	3
942	0
943	0
944	1
945	0
946	1
947	1
948	2
949	1
950	3
951	1
952	0
953	0
954	1
955	0
956	1
957	0
958	0
959	1
960	0
961	1
962	0
963	1
964	1
965	0
966	0
967	1
968	0
969	0
970	0
971	0
972	0
973	0
974	1
975	0
976	1
977	1
978	2
979	0
980	1
981	1
982	1
983	1
984	1
985	1
986	1
987	1
988	0
989	0
990	0
991	2
992	0
993	1
994	0
995	1
996	0
997	1
998	1
999	0
1000	1
1001	0
1002	0
1003	0
1004	0
1005	1
1006	1
1007	0
1008	0
1009	2
1010	0
1011	2
1012	0
1013	0
1014	0
1015	1
1016	0
1017	0
1018	0
1019	0
1020	0
1021	1
1022	1
1023	0
