0	0
1	372
2	316
3	35
4	0
5	0
6	0
7	19
8	697
9	956
10	2768
11	3285
12	3160
13	3254
14	3050
15	3287
16	3273
17	3302
18	3323
19	3255
20	3342
21	3176
22	3195
23	3199
24	3149
25	3241
26	3301
27	3257
28	3214
29	3324
30	3521
31	3662
32	3709
33	3944
34	4298
35	4265
36	4418
37	4424
38	4277
39	4127
40	3901
41	3704
42	3608
43	3374
44	3257
45	3231
46	3246
47	3148
48	3153
49	3037
50	2997
51	3015
52	3011
53	3035
54	3016
55	3190
56	3076
57	3084
58	3154
59	3188
60	3123
61	3212
62	3213
63	3216
64	3181
65	3136
66	3141
67	3355
68	3251
69	3294
70	3233
71	3346
72	3269
73	3233
74	3345
75	3359
76	3375
77	3466
78	3371
79	3434
80	3354
81	3317
82	3322
83	3551
84	3556
85	3488
86	3424
87	3484
88	3519
89	3579
90	3680
91	3642
92	3595
93	3766
94	3745
95	3855
96	3847
97	3895
98	4034
99	4011
100	4050
101	4076
102	4025
103	4195
104	4078
105	4151
106	4146
107	4131
108	4127
109	3866
110	4045
111	4093
112	3993
113	3796
114	3856
115	3848
116	3674
117	3690
118	3755
119	3716
120	3585
121	3604
122	3622
123	3653
124	3426
125	3599
126	3467
127	3562
128	3500
129	3485
130	3467
131	3369
132	3448
133	3508
134	3400
135	3485
136	3391
137	3384
138	3258
139	3148
140	3248
141	3297
142	3266
143	3451
144	3291
145	3226
146	3195
147	3357
148	3251
149	3057
150	3215
151	3171
152	3294
153	3119
154	3206
155	3168
156	3169
157	3118
158	3096
159	3215
160	3053
161	3182
162	3106
163	3058
164	3064
165	3156
166	3168
167	3129
168	3155
169	3107
170	3111
171	3206
172	3057
173	3020
174	3071
175	3170
176	3103
177	3089
178	3053
179	3043
180	3034
181	3129
182	3093
183	3127
184	3060
185	3073
186	3050
187	3153
188	3009
189	3111
190	3115
191	3113
192	3021
193	3194
194	3024
195	3139
196	3021
197	3082
198	3075
199	3186
200	3128
201	3110
202	3144
203	3183
204	3035
205	3145
206	3145
207	3061
208	3061
209	3107
210	3117
211	3123
212	3008
213	3202
214	3263
215	3096
216	3132
217	3172
218	3054
219	3038
220	3111
221	3148
222	3073
223	3214
224	3173
225	3212
226	3125
227	3146
228	3107
229	3011
230	3041
231	3052
232	3091
233	3056
234	3028
235	3005
236	2957
237	2979
238	2962
239	2948
240	3034
241	2994
242	2988
243	2954
244	2762
245	2831
246	2783
247	2868
248	2801
249	2764
250	2583
251	2640
252	2637
253	2651
254	2603
255	2607
256	2493
257	2389
258	2367
259	2310
260	2195
261	2261
262	2148
263	2135
264	2140
265	2082
266	1909
267	2006
268	1902
269	1874
270	1817
271	1859
272	1811
273	1758
274	1694
275	1699
276	1727
277	1668
278	1545
279	1635
280	1617
281	1623
282	1656
283	1591
284	1540
285	1562
286	1468
287	1571
288	1512
289	1441
290	1490
291	1470
292	1552
293	1450
294	1395
295	1468
296	1503
297	1388
298	1450
299	1437
300	1431
301	1427
302	1406
303	1459
304	1483
305	1462
306	1385
307	1541
308	1483
309	1464
310	1525
311	1544
312	1539
313	1525
314	1404
315	1540
316	1557
317	1590
318	1592
319	1560
320	1661
321	1748
322	1705
323	1695
324	1747
325	1798
326	1790
327	1965
328	1945
329	2006
330	2001
331	2101
332	2161
333	2287
334	2337
335	2399
336	2555
337	2641
338	2811
339	2970
340	3105
341	3289
342	3425
343	3630
344	3824
345	4009
346	4310
347	4546
348	4775
349	5078
350	5544
351	5705
352	6237
353	6308
354	6954
355	7182
356	7534
357	7884
358	8444
359	8817
360	9035
361	9368
362	9606
363	10063
364	10349
365	10355
366	10540
367	11128
368	10964
369	11248
370	10988
371	10879
372	10946
373	10594
374	10555
375	10544
376	9985
377	9847
378	9356
379	9176
380	8651
381	8132
382	7789
383	7589
384	6862
385	6415
386	5931
387	5474
388	5033
389	4522
390	4087
391	3808
392	3318
393	3017
394	2619
395	2400
396	2037
397	1927
398	1628
399	1516
400	1319
401	1136
402	990
403	855
404	768
405	662
406	600
407	493
408	470
409	440
410	395
411	398
412	339
413	337
414	313
415	308
416	278
417	259
418	271
419	255
420	232
421	256
422	227
423	240
424	225
425	250
426	208
427	197
428	199
429	213
430	202
431	207
432	187
433	192
434	216
435	192
436	193
437	200
438	203
439	178
440	190
441	184
442	196
443	181
444	177
445	175
446	172
447	197
448	165
449	199
450	188
451	179
452	170
453	180
454	170
455	187
456	167
457	166
458	148
459	150
460	164
461	179
462	156
463	179
464	168
465	157
466	176
467	147
468	137
469	139
470	170
471	157
472	167
473	143
474	170
475	152
476	167
477	163
478	166
479	162
480	163
481	149
482	150
483	140
484	143
485	147
486	145
487	145
488	160
489	164
490	161
491	143
492	148
493	143
494	125
495	145
496	172
497	146
498	143
499	137
500	142
501	153
502	119
503	169
504	148
505	152
506	149
507	130
508	135
509	151
510	120
511	174
512	123
513	144
514	132
515	130
516	120
517	109
518	119
519	146
520	130
521	115
522	137
523	124
524	119
525	108
526	119
527	127
528	102
529	147
530	113
531	121
532	110
533	111
534	118
535	106
536	90
537	109
538	125
539	105
540	89
541	98
542	117
543	124
544	99
545	105
546	100
547	110
548	121
549	106
550	119
551	108
552	102
553	91
554	102
555	98
556	118
557	108
558	89
559	96
560	74
561	99
562	93
563	83
564	89
565	102
566	96
567	100
568	106
569	97
570	99
571	70
572	93
573	89
574	91
575	91
576	94
577	92
578	90
579	90
580	82
581	111
582	73
583	86
584	94
585	88
586	86
587	91
588	88
589	78
590	82
591	97
592	95
593	85
594	97
595	86
596	70
597	88
598	64
599	99
600	85
601	86
602	93
603	81
604	72
605	99
606	87
607	78
608	70
609	71
610	86
611	74
612	82
613	76
614	77
615	66
616	69
617	93
618	71
619	66
620	62
621	86
622	77
623	84
624	68
625	70
626	86
627	56
628	73
629	69
630	60
631	72
632	58
633	60
634	69
635	69
636	70
637	52
638	54
639	49
640	58
641	68
642	57
643	48
644	57
645	76
646	46
647	48
648	45
649	52
650	51
651	46
652	49
653	41
654	46
655	48
656	45
657	45
658	42
659	43
660	49
661	43
662	49
663	43
664	30
665	52
666	54
667	40
668	39
669	49
670	36
671	51
672	32
673	55
674	40
675	45
676	40
677	40
678	33
679	39
680	34
681	48
682	34
683	40
684	36
685	40
686	43
687	49
688	51
689	41
690	34
691	52
692	56
693	44
694	39
695	40
696	51
697	44
698	47
699	45
700	47
701	51
702	54
703	43
704	50
705	56
706	49
707	43
708	53
709	49
710	48
711	55
712	50
713	70
714	55
715	71
716	52
717	62
718	51
719	68
720	57
721	64
722	61
723	57
724	71
725	75
726	72
727	69
728	55
729	74
730	69
731	77
732	49
733	64
734	74
735	77
736	78
737	73
738	68
739	63
740	56
741	68
742	75
743	57
744	65
745	67
746	71
747	68
748	67
749	65
750	82
751	52
752	66
753	78
754	79
755	89
756	68
757	67
758	67
759	64
760	59
761	68
762	52
763	54
764	72
765	51
766	54
767	60
768	51
769	66
770	56
771	58
772	63
773	54
774	45
775	51
776	36
777	38
778	44
779	40
780	40
781	39
782	34
783	36
784	26
785	39
786	26
787	31
788	23
789	24
790	20
791	19
792	12
793	10
794	12
795	15
796	11
797	8
798	9
799	15
800	10
801	10
802	20
803	9
804	9
805	6
806	6
807	5
808	6
809	9
810	4
811	6
812	5
813	3
814	11
815	2
816	3
817	2
818	3
819	4
820	6
821	4
822	1
823	4
824	6
825	2
826	3
827	2
828	2
829	4
830	5
831	3
832	3
833	7
834	2
835	2
836	3
837	3
838	2
839	6
840	6
841	1
842	0
843	5
844	0
845	2
846	1
847	4
848	1
849	2
850	3
851	3
852	1
853	4
854	1
855	2
856	6
857	8
858	3
859	3
860	3
861	1
862	0
863	1
864	2
865	6
866	7
867	5
868	3
869	2
870	1
871	2
872	2
873	1
874	1
875	1
876	1
877	2
878	2
879	3
880	3
881	2
882	0
883	1
884	5
885	2
886	2
887	2
888	1
889	3
890	3
891	2
892	1
893	1
894	2
895	2
896	2
897	5
898	0
899	1
900	0
901	2
902	2
903	3
904	1
905	2
906	1
907	1
908	3
909	1
910	1
911	3
912	0
913	1
914	2
915	0
916	2
917	4
918	1
919	0
920	3
921	3
922	3
923	2
924	2
925	2
926	2
927	0
928	1
929	5
930	1
931	1
932	0
933	0
934	0
935	3
936	2
937	0
938	3
939	0
940	2
941	0
942	0
943	2
944	2
945	0
946	0
947	1
948	2
949	1
950	1
951	0
952	3
953	1
954	0
955	0
956	3
957	0
958	0
959	0
960	0
961	2
962	2
963	1
964	0
965	1
966	0
967	2
968	0
969	2
970	1
971	2
972	3
973	1
974	2
975	1
976	1
977	0
978	2
979	1
980	1
981	2
982	1
983	3
984	1
985	0
986	0
987	1
988	3
989	0
990	1
991	1
992	3
993	0
994	1
995	1
996	0
997	0
998	0
999	1
1000	2
1001	1
1002	0
1003	2
1004	1
1005	0
1006	0
1007	2
1008	0
1009	0
1010	2
1011	0
1012	1
1013	1
1014	2
1015	1
1016	1
1017	2
1018	1
1019	2
1020	0
1021	0
1022	0
1023	0
